0.977979 1 0


0.903102 1 0


0.850351 1 0


0.833997 1 0


0.976100 1 0


0.863167 1 0


0.819187 1 0


0.714960 1 0


0.746831 1 0


0.785011 1 0


0.908655 1 0


0.789472 1 0


0.955875 1 0


0.882538 1 0


0.991877 1 0


0.991041 1 0


0.973571 1 0


0.927354 1 0


0.948131 1 0


0.900221 1 0


0.943595 1 0


0.899750 1 0


0.914596 1 0


0.938537 1 0


0.860238 1 0


0.898324 1 0


0.878004 1 0


0.890130 1 0


0.967262 1 0


0.954689 1 0


0.896149 1 0


0.926948 1 0


0.936592 1 0


0.920481 1 0


0.919147 1 0


0.827960 1 0


0.900936 1 0


0.911787 1 0


0.910614 1 0


0.898529 1 0


0.963283 1 0


0.854209 1 0


0.914253 1 0


0.897179 1 0


0.860394 1 0


0.874898 1 0


0.908199 1 0


0.759071 1 0


0.923705 1 0


0.364078 1 1


0.510947 1 1


0.572321 1 1


0.563126 1 1


0.591960 1 1


0.682681 1 1


0.669698 1 1


0.794903 1 1


0.822563 1 1


0.817695 1 1


0.828765 1 1


0.871462 1 1


0.814930 1 1


0.907680 1 1


0.954962 1 1


0.824688 1 1


1.000000 1 1


0.987036 1 1


0.970893 1 1


0.940366 1 1


0.961580 1 1


1.000000 1 1


0.631123 1 1


1.000000 1 1


1.000000 1 1


1.000000 1 1


1.000000 1 1


1.000000 1 1


1.000000 1 1


1.000000 1 1


1.000000 1 1


1.000000 1 1


1.000000 1 1


1.000000 1 1


1.000000 1 1


1.000000 1 1


1.000000 1 1


1.000000 1 1


1.000000 1 1


1.000000 1 1


1.000000 1 1


1.000000 1 1


1.000000 1 1


1.000000 1 1


1.000000 1 1


1.000000 1 1


1.000000 1 1


1.000000 1 1


1.000000 1 1


1.000000 1 1


1.000000 1 1


