0.976527 1 0


0.729281 1 0


0.933333 1 0


0.923077 1 0


0.785237 1 0


0.816514 1 0


0.666036 1 0


0.872063 1 0


0.801588 1 0


0.779826 1 0


0.850190 1 0


0.857143 1 0


0.933333 1 0


0.725206 1 0


0.872684 1 0


0.737658 1 0


0.711317 1 0


0.708141 1 0


0.756005 1 0


0.748068 1 0


0.993001 1 0


0.756447 1 0


0.973684 1 0


0.750658 1 0


0.970826 1 0


0.728411 1 0


0.840000 1 0


0.974026 1 0


0.879857 1 0


0.755265 1 0


0.951852 1 0


0.766491 1 0


0.690356 1 0


0.868421 1 0


0.847826 1 0


0.809631 1 0


0.995565 1 0


0.978536 1 0


0.900582 1 0


0.719828 1 0


0.780000 1 0


0.829787 1 0


0.918919 1 0


0.872494 1 0


0.673469 1 0


0.707511 1 0


0.733766 1 0


0.800000 1 0


0.701299 1 0


0.811455 1 1


0.874582 1 1


0.918342 1 1


0.917016 1 1


0.929990 1 1


0.941458 1 1


0.950185 1 1


0.950696 1 1


0.925196 1 1


0.931910 1 1


0.939769 1 1


0.946488 1 1


0.943833 1 1


0.942658 1 1


0.971672 1 1


0.953390 1 1


0.968157 1 1


0.920349 1 1


0.929891 1 1


0.925611 1 1


0.924933 1 1


0.938833 1 1


0.889640 1 1


0.982269 1 1


0.988874 1 1


0.994809 1 1


0.994123 1 1


0.991847 1 1


0.999999 1 1


0.999999 1 1


0.996882 1 1


0.981204 1 1


0.993966 1 1


0.964392 1 1


0.964184 1 1


0.983307 1 1


0.974710 1 1


0.994101 1 1


0.977900 1 1


0.980978 1 1


0.984536 1 1


0.966958 1 1


0.966058 1 1


1.000000 1 1


0.982086 1 1


1.000000 1 1


0.991051 1 1


0.983524 1 1


1.000000 1 1


0.977357 1 1


0.988947 1 1


