0.588035 1 0


0.559701 1 0


0.503739 1 0


0.487295 1 0


0.576256 1 0


0.560639 1 0


0.570501 1 0


0.519473 1 0


0.473726 1 0


0.514369 1 0


0.530733 1 0


0.491588 1 0


0.580210 1 0


0.539359 1 0


0.581277 1 0


0.578923 1 0


0.573854 1 0


0.563675 1 0


0.568014 1 0


0.567764 1 0


0.573133 1 0


0.567884 1 0


0.564391 1 0


0.565517 1 0


0.580868 1 0


0.552564 1 0


0.557612 1 0


0.578501 1 0


0.574198 1 0


0.567253 1 0


0.544232 1 0


0.545958 1 0


0.567160 1 0


0.549289 1 0


0.550939 1 0


0.542912 1 0


0.580224 1 0


0.550435 1 0


0.548761 1 0


0.550371 1 0


0.575967 1 0


0.571265 1 0


0.552735 1 0


0.543149 1 0


0.529266 1 0


0.538667 1 0


0.577764 1 0


0.518666 1 0


0.574315 1 0


0.587767 1 1


0.692764 1 1


0.745332 1 1


0.740071 1 1


0.760975 1 1


0.812069 1 1


0.809942 1 1


0.872799 1 1


0.873879 1 1


0.874803 1 1


0.884267 1 1


0.908975 1 1


0.879382 1 1


0.925169 1 1


0.963317 1 1


0.889039 1 1


0.984079 1 1


0.953693 1 1


0.950392 1 1


0.932989 1 1


0.943257 1 1


0.969416 1 1


0.760381 1 1


0.991134 1 1


0.994437 1 1


0.997405 1 1


0.997061 1 1


0.995924 1 1


1.000000 1 1


1.000000 1 1


0.998441 1 1


0.990602 1 1


0.996983 1 1


0.982196 1 1


0.982092 1 1


0.991654 1 1


0.987355 1 1


0.997050 1 1


0.988950 1 1


0.990489 1 1


0.992268 1 1


0.983479 1 1


0.983029 1 1


1.000000 1 1


0.991043 1 1


1.000000 1 1


0.995526 1 1


0.991762 1 1


1.000000 1 1


0.988678 1 1


0.994473 1 1


