0.333882  0.133394  -1.000000  0.233638 0
0.162534  0.296932  -1.000000  0.229733 0
0.304348  0.328225  -1.000000  0.316287 0
0.198090  0.977979  -1.000000  0.588035 0
0.168525  0.570327  -1.000000  0.369426 0
0.350469  0.491199  -1.000000  0.420834 0
0.605656  0.425301  -1.000000  0.515479 0
0.410430  0.406051  -1.000000  0.408241 0
0.144038  0.714360  -1.000000  0.429199 0
0.430266  0.677001  -1.000000  0.553634 0
0.251829  0.000000  -1.000000  0.125914 0
0.472276  0.000000  -1.000000  0.236138 0
0.126074  0.000000  -1.000000  0.063037 0
0.800001  0.000000  -1.000000  0.400001 0
0.209302  0.804145  -1.000000  0.506724 0
0.570172  0.000000  -1.000000  0.285086 0
0.682666  0.000000  -1.000000  0.341333 0
0.377013  0.394596  -1.000000  0.385804 0
0.473770  0.413430  -1.000000  0.443600 0
0.293907  0.814287  -1.000000  0.554097 0
0.976527  0.000000  -1.000000  0.488264 0
0.260407  0.208514  -1.000000  0.234460 0


0.233208  0.594901  -1.000000  0.414055 0
0.216301  0.903102  -1.000000  0.559701 0
0.247368  0.427054  -1.000000  0.337211 0
0.244158  0.846638  -1.000000  0.545398 0
0.153215  0.636376  -1.000000  0.394796 0
0.483871  0.087690  -1.000000  0.285780 0
0.493450  0.016163  -1.000000  0.254807 0
0.137712  0.784181  -1.000000  0.460946 0
0.386463  0.000000  -1.000000  0.193232 0
0.372583  0.000000  -1.000000  0.186292 0
0.348334  0.042024  -1.000000  0.195179 0
0.231792  0.599971  -1.000000  0.415882 0
0.729281  0.000000  -1.000000  0.364640 0
0.510972  0.217798  -1.000000  0.364385 0
0.563803  0.000000  -1.000000  0.281901 0
0.679793  0.000000  -1.000000  0.339897 0
0.586956  0.000000  -1.000000  0.293478 0
0.274865  0.110508  -1.000000  0.192687 0


0.246023  0.556681  -1.000000  0.401352 0
0.248705  0.480166  -1.000000  0.364435 0
0.575951  0.000000  -1.000000  0.287975 0
0.157313  0.609957  -1.000000  0.383635 0
0.405405  0.240903  -1.000000  0.323154 0
0.485935  0.037410  -1.000000  0.261673 0
0.145693  0.850351  -1.000000  0.498022 0
0.244961  0.392899  -1.000000  0.318930 0
0.489362  0.000000  -1.000000  0.244681 0
0.350044  0.045705  -1.000000  0.197875 0
0.203914  0.531299  -1.000000  0.367607 0
0.900000  0.000000  -1.000000  0.450000 0
0.487179  0.520299  -1.000000  0.503739 0
0.466189  0.150066  -1.000000  0.308127 0
0.568633  0.000000  -1.000000  0.284316 0
0.475738  0.153841  -1.000000  0.314789 0
0.509492  0.000000  -1.000000  0.254746 0
0.878265  0.000000  -1.000000  0.439133 0
0.307344  0.676045  -1.000000  0.491694 0
0.933333  0.000000  -1.000000  0.466667 0
0.829803  0.000000  -1.000000  0.414901 0
0.316556  0.000000  -1.000000  0.158278 0


0.252652  0.615082  -1.000000  0.433867 0
0.517320  0.000000  -1.000000  0.258660 0
0.517480  0.022887  -1.000000  0.270183 0
0.242268  0.505961  -1.000000  0.374114 0
0.175344  0.581419  -1.000000  0.378381 0
0.441176  0.127444  -1.000000  0.284310 0
0.470973  0.233129  -1.000000  0.352051 0
0.140593  0.833997  -1.000000  0.487295 0
0.454062  0.000000  -1.000000  0.227031 0
0.465675  0.000000  -1.000000  0.232838 0
0.240507  0.281126  -1.000000  0.260817 0
0.508319  0.000000  -1.000000  0.254160 0
0.397608  0.000000  -1.000000  0.198804 0
0.387126  0.055921  -1.000000  0.221524 0
0.222191  0.536127  -1.000000  0.379159 0
0.771429  0.000000  -1.000000  0.385714 0
0.772727  0.000000  -1.000000  0.386364 0
0.549107  0.000000  -1.000000  0.274554 0
0.572681  0.000000  -1.000000  0.286340 0
0.475660  0.165571  -1.000000  0.320615 0
0.640790  0.000000  -1.000000  0.320395 0
0.804348  0.000000  -1.000000  0.402174 0
0.923077  0.000000  -1.000000  0.461538 0
0.322897  0.000000  -1.000000  0.161449 0


0.153732  0.760916  -1.000000  0.457324 0
0.264034  0.809729  -1.000000  0.536882 0
0.104513  0.377281  -1.000000  0.240897 0
0.208605  0.285172  -1.000000  0.246888 0
0.226522  0.835988  -1.000000  0.531255 0
0.355967  0.793131  -1.000000  0.574549 0
0.168642  0.767978  -1.000000  0.468310 0
0.176413  0.976100  -1.000000  0.576256 0
0.158168  0.690152  -1.000000  0.424160 0
0.251229  0.394977  -1.000000  0.323103 0
0.090054  0.000000  -1.000000  0.045027 0
0.186950  0.539257  -1.000000  0.363103 0
0.188034  0.798701  -1.000000  0.493367 0
0.503093  0.190459  -1.000000  0.346776 0
0.642857  0.000000  -1.000000  0.321429 0
0.579908  0.000000  -1.000000  0.289954 0
0.395163  0.113105  -1.000000  0.254134 0
0.441736  0.018373  -1.000000  0.230055 0
0.267127  0.000000  -1.000000  0.133563 0
0.510563  0.000000  -1.000000  0.255281 0
0.785237  0.000000  -1.000000  0.392618 0
0.147584  0.096749  -1.000000  0.122166 0
0.240929  0.580143  -1.000000  0.410536 0
0.353602  0.400886  -1.000000  0.377244 0


0.123272  0.626559  -1.000000  0.374915 0
0.199514  0.446584  -1.000000  0.323049 0
0.437943  0.683334  -1.000000  0.560639 0
0.158978  0.528747  -1.000000  0.343863 0
0.264286  0.363997  -1.000000  0.314141 0
0.080749  0.408066  -1.000000  0.244407 0
0.179272  0.787563  -1.000000  0.483418 0
0.082176  0.476403  -1.000000  0.279289 0
0.431050  0.169571  -1.000000  0.300311 0
0.152703  0.586382  -1.000000  0.369543 0
0.109510  0.216128  -1.000000  0.162819 0
0.134424  0.821098  -1.000000  0.477761 0
0.164330  0.684833  -1.000000  0.424581 0
0.176240  0.843472  -1.000000  0.509856 0
0.577885  0.000000  -1.000000  0.288942 0
0.816514  0.226240  -1.000000  0.521377 0
0.573334  0.009767  -1.000000  0.291550 0
0.250752  0.863167  -1.000000  0.556959 0
0.316667  0.502903  -1.000000  0.409785 0
0.319603  0.705123  -1.000000  0.512363 0
0.785217  0.195341  -1.000000  0.490279 0
0.256881  0.755257  -1.000000  0.506069 0
0.208924  0.290039  -1.000000  0.249482 0
0.236950  0.558364  -1.000000  0.397657 0
0.361516  0.376050  -1.000000  0.368783 0
0.403636  0.051251  -1.000000  0.227444 0
0.350515  0.558919  -1.000000  0.454717 0
0.387701  0.517735  -1.000000  0.452718 0
0.250000  0.640346  -1.000000  0.445173 0


0.111111  0.541159  -1.000000  0.326135 0
0.324918  0.498218  -1.000000  0.411568 0
0.573618  0.000000  -1.000000  0.286809 0
0.436242  0.704760  -1.000000  0.570501 0
0.416667  0.090888  -1.000000  0.253777 0
0.214418  0.715529  -1.000000  0.464973 0
0.294830  0.000000  -1.000000  0.147415 0
0.255985  0.536106  -1.000000  0.396046 0
0.441623  0.404693  -1.000000  0.423158 0
0.111920  0.541223  -1.000000  0.326571 0
0.419161  0.438683  -1.000000  0.428922 0
0.401425  0.725593  -1.000000  0.563509 0
0.394737  0.460156  -1.000000  0.427446 0
0.238095  0.774440  -1.000000  0.506267 0
0.406788  0.143151  -1.000000  0.274970 0
0.294118  0.676575  -1.000000  0.485346 0
0.511574  0.239045  -1.000000  0.375310 0
0.356424  0.000000  -1.000000  0.178212 0
0.220779  0.776522  -1.000000  0.498651 0
0.401274  0.609406  -1.000000  0.505340 0
0.205577  0.819187  -1.000000  0.512382 0
0.276233  0.592169  -1.000000  0.434201 0
0.418232  0.160034  -1.000000  0.289133 0
0.242804  0.409753  -1.000000  0.326278 0
0.666036  0.000000  -1.000000  0.333018 0
0.214513  0.642363  -1.000000  0.428438 0


0.237830  0.564088  -1.000000  0.400959 0
0.580978  0.362471  -1.000000  0.471724 0
0.510204  0.000000  -1.000000  0.255102 0
0.442919  0.118253  -1.000000  0.280586 0
0.364056  0.311119  -1.000000  0.337587 0
0.319999  0.000000  -1.000000  0.160000 0
0.791246  0.000000  -1.000000  0.395623 0
0.464496  0.260546  -1.000000  0.362521 0
0.325259  0.471216  -1.000000  0.398237 0
0.421934  0.392148  -1.000000  0.407041 0
0.589665  0.000000  -1.000000  0.294833 0
0.604063  0.000000  -1.000000  0.302031 0
0.704040  0.101269  -1.000000  0.402655 0
0.458509  0.266092  -1.000000  0.362300 0
0.872063  0.000000  -1.000000  0.436031 0
0.300518  0.714960  -1.000000  0.507739 0
0.223555  0.362042  -1.000000  0.292798 0
0.343750  0.695197  -1.000000  0.519473 0
0.691837  0.009494  -1.000000  0.350665 0
0.644914  0.000000  -1.000000  0.322457 0
0.403226  0.042963  -1.000000  0.223094 0
0.408621  0.559978  -1.000000  0.484299 0


0.074909  0.341826  -1.000000  0.208367 0
0.561529  0.055390  -1.000000  0.308459 0
0.801588  0.138475  -1.000000  0.470031 0
0.329598  0.494614  -1.000000  0.412106 0
0.479854  0.467597  -1.000000  0.473726 0
0.205882  0.341048  -1.000000  0.273465 0
0.135776  0.746831  -1.000000  0.441303 0
0.174331  0.290296  -1.000000  0.232314 0
0.534237  0.009493  -1.000000  0.271865 0
0.053498  0.212503  -1.000000  0.133000 0


0.044514  0.142319  -1.000000  0.093417 0
0.244010  0.135542  -1.000000  0.189776 0
0.250030  0.337041  -1.000000  0.293536 0
0.629630  0.172888  -1.000000  0.401259 0
0.779826  0.000000  -1.000000  0.389913 0
0.188775  0.357537  -1.000000  0.273156 0
0.476192  0.158829  -1.000000  0.317511 0
0.240445  0.380973  -1.000000  0.310709 0
0.224669  0.689081  -1.000000  0.456875 0
0.365748  0.059285  -1.000000  0.212517 0
0.372147  0.182341  -1.000000  0.277244 0
0.323529  0.628257  -1.000000  0.475893 0
0.312959  0.546851  -1.000000  0.429905 0
0.365550  0.376937  -1.000000  0.371243 0
0.243727  0.785011  -1.000000  0.514369 0
0.251987  0.727478  -1.000000  0.489733 0
0.082374  0.304732  -1.000000  0.193553 0
0.487805  0.403652  -1.000000  0.445728 0
0.269509  0.361262  -1.000000  0.315385 0
0.354009  0.000000  -1.000000  0.177005 0


0.315789  0.642597  -1.000000  0.479193 0
0.666667  0.000000  -1.000000  0.333333 0
0.419355  0.269027  -1.000000  0.344191 0
0.083547  0.371913  -1.000000  0.227730 0
0.303422  0.681902  -1.000000  0.492662 0
0.532020  0.224879  -1.000000  0.378449 0
0.302414  0.638307  -1.000000  0.470360 0
0.180012  0.845382  -1.000000  0.512697 0
0.238806  0.563119  -1.000000  0.400963 0
0.331546  0.008919  -1.000000  0.170233 0
0.249310  0.000000  -1.000000  0.124655 0
0.477848  0.000000  -1.000000  0.238924 0
0.822195  0.000000  -1.000000  0.411097 0
0.152812  0.908655  -1.000000  0.530733 0
0.333333  0.000000  -1.000000  0.166667 0
0.437510  0.035356  -1.000000  0.236433 0
0.703463  0.000000  -1.000000  0.351731 0
0.628571  0.000000  -1.000000  0.314286 0
0.850190  0.000000  -1.000000  0.425095 0
0.281817  0.097157  -1.000000  0.189487 0
0.252282  0.015496  -1.000000  0.133889 0
0.309827  0.415987  -1.000000  0.362907 0


0.207124  0.727193  -1.000000  0.467159 0
0.176763  0.321775  -1.000000  0.249269 0
0.413197  0.385067  -1.000000  0.399132 0
0.480081  0.032080  -1.000000  0.256081 0
0.857143  0.000000  -1.000000  0.428571 0
0.200539  0.000000  -1.000000  0.100269 0
0.384351  0.000000  -1.000000  0.192175 0
0.362048  0.000000  -1.000000  0.181024 0
0.074421  0.455773  -1.000000  0.265097 0
0.477700  0.000000  -1.000000  0.238850 0
0.163738  0.000000  -1.000000  0.081869 0
0.758563  0.000000  -1.000000  0.379282 0
0.213350  0.724629  -1.000000  0.468990 0
0.193705  0.789472  -1.000000  0.491588 0
0.287486  0.695348  -1.000000  0.491417 0
0.124978  0.365629  -1.000000  0.245304 0
0.576710  0.000000  -1.000000  0.288355 0
0.201292  0.220184  -1.000000  0.210738 0


0.500000  0.412856  -1.000000  0.456428 0
0.190101  0.505386  -1.000000  0.347744 0
0.187776  0.000000  -1.000000  0.093888 0
0.108324  0.333319  -1.000000  0.220822 0
0.701086  0.000000  -1.000000  0.350543 0
0.363635  0.000000  -1.000000  0.181818 0
0.065144  0.302448  -1.000000  0.183796 0
0.179331  0.935249  -1.000000  0.557290 0
0.145722  0.386509  -1.000000  0.266116 0
0.593750  0.121300  -1.000000  0.357525 0
0.315459  0.502800  -1.000000  0.409129 0
0.676387  0.000000  -1.000000  0.338193 0
0.259493  0.816666  -1.000000  0.538080 0
0.236000  0.807501  -1.000000  0.521751 0
0.344791  0.031730  -1.000000  0.188261 0
0.168854  0.000000  -1.000000  0.084427 0
0.370142  0.180436  -1.000000  0.275289 0
0.152269  0.516624  -1.000000  0.334447 0
0.432432  0.128000  -1.000000  0.280216 0
0.606590  0.000000  -1.000000  0.303295 0
0.143182  0.661395  -1.000000  0.402288 0
0.074843  0.444249  -1.000000  0.259546 0
0.933333  0.000000  -1.000000  0.466667 0
0.204545  0.955875  -1.000000  0.580210 0
0.219296  0.857702  -1.000000  0.538499 0
0.388875  0.000000  -1.000000  0.194437 0
0.206499  0.025819  -1.000000  0.116159 0
0.443243  0.401589  -1.000000  0.422416 0


0.444444  0.333196  -1.000000  0.388820 0
0.206612  0.652681  -1.000000  0.429647 0
0.126491  0.000000  -1.000000  0.063245 0
0.088575  0.089664  -1.000000  0.089119 0
0.160522  0.231659  -1.000000  0.196091 0
0.419355  0.467257  -1.000000  0.443306 0
0.104092  0.223947  -1.000000  0.164020 0
0.725206  0.000000  -1.000000  0.362603 0
0.074822  0.329165  -1.000000  0.201994 0
0.176241  0.882538  -1.000000  0.529390 0
0.373522  0.511210  -1.000000  0.442366 0
0.198757  0.519994  -1.000000  0.359375 0
0.512969  0.127501  -1.000000  0.320235 0
0.301226  0.585111  -1.000000  0.443169 0
0.312081  0.766637  -1.000000  0.539359 0
0.261804  0.739876  -1.000000  0.500840 0
0.534422  0.023818  -1.000000  0.279120 0
0.165467  0.000000  -1.000000  0.082734 0
0.366823  0.190153  -1.000000  0.278488 0
0.124695  0.504598  -1.000000  0.314646 0
0.080362  0.321808  -1.000000  0.201085 0
0.574468  0.102110  -1.000000  0.338289 0
0.105694  0.644363  -1.000000  0.375029 0
0.469428  0.272241  -1.000000  0.370835 0
0.197068  0.854054  -1.000000  0.525561 0
0.340845  0.732288  -1.000000  0.536567 0
0.605672  0.000000  -1.000000  0.302836 0
0.343464  0.000000  -1.000000  0.171732 0
0.199404  0.086778  -1.000000  0.143091 0
0.434376  0.514922  -1.000000  0.474649 0


0.750000  0.000000  -1.000000  0.375000 0
0.418605  0.423378  -1.000000  0.420991 0
0.314372  0.616735  -1.000000  0.465554 0
0.205254  0.665400  -1.000000  0.435327 0
0.124700  0.000000  -1.000000  0.062350 0
0.295646  0.640835  -1.000000  0.468240 0
0.402358  0.694329  -1.000000  0.548343 0
0.170677  0.991877  -1.000000  0.581277 0
0.872684  0.000000  -1.000000  0.436342 0
0.075088  0.341131  -1.000000  0.208109 0
0.171850  0.869005  -1.000000  0.520427 0
0.149352  0.383224  -1.000000  0.266288 0
0.506556  0.409250  -1.000000  0.457903 0
0.264102  0.790219  -1.000000  0.527161 0
0.657539  0.000000  -1.000000  0.328769 0
0.606061  0.000000  -1.000000  0.303030 0
0.169675  0.000000  -1.000000  0.084838 0
0.361949  0.172758  -1.000000  0.267354 0
0.079200  0.417087  -1.000000  0.248144 0
0.088686  0.581867  -1.000000  0.335276 0
0.424435  0.014902  -1.000000  0.219668 0
0.158824  0.842418  -1.000000  0.500621 0
0.301046  0.763860  -1.000000  0.532453 0
0.559246  0.008897  -1.000000  0.284072 0
0.339082  0.000000  -1.000000  0.169541 0
0.200464  0.089061  -1.000000  0.144763 0
0.427491  0.473392  -1.000000  0.450441 0


0.515152  0.000000  -1.000000  0.257576 0
0.414634  0.446701  -1.000000  0.430667 0
0.314644  0.615290  -1.000000  0.464967 0
0.207885  0.664885  -1.000000  0.436385 0
0.125603  0.000000  -1.000000  0.062802 0
0.295542  0.639382  -1.000000  0.467462 0
0.384847  0.627695  -1.000000  0.506271 0
0.166805  0.991041  -1.000000  0.578923 0
0.737658  0.000000  -1.000000  0.368829 0
0.175990  0.867379  -1.000000  0.521684 0
0.615385  0.248927  -1.000000  0.432156 0
0.256693  0.157748  -1.000000  0.207221 0
0.150933  0.318939  -1.000000  0.234936 0
0.172098  0.507075  -1.000000  0.339586 0
0.230769  0.669164  -1.000000  0.449966 0
0.275862  0.525966  -1.000000  0.400914 0
0.310098  0.403912  -1.000000  0.357005 0
0.597015  0.000000  -1.000000  0.298507 0
0.165467  0.000000  -1.000000  0.082734 0
0.360746  0.199021  -1.000000  0.279883 0
0.076516  0.399322  -1.000000  0.237919 0
0.089029  0.568400  -1.000000  0.328714 0
0.422372  0.021247  -1.000000  0.221809 0
0.481776  0.309938  -1.000000  0.395857 0
0.150665  0.920339  -1.000000  0.535502 0
0.307291  0.742972  -1.000000  0.525131 0
0.516982  0.133043  -1.000000  0.325013 0
0.338394  0.000000  -1.000000  0.169197 0
0.200316  0.090297  -1.000000  0.145306 0
0.428272  0.471254  -1.000000  0.449763 0


0.400000  0.478448  -1.000000  0.439224 0
0.414634  0.085279  -1.000000  0.249957 0
0.320000  0.617508  -1.000000  0.468754 0
0.204668  0.673483  -1.000000  0.439075 0
0.127098  0.000000  -1.000000  0.063549 0
0.306324  0.610609  -1.000000  0.458467 0
0.382353  0.495094  -1.000000  0.438724 0
0.174138  0.973571  -1.000000  0.573854 0
0.711317  0.000000  -1.000000  0.355658 0
0.198330  0.910688  -1.000000  0.554509 0
0.067528  0.307273  -1.000000  0.187400 0
0.149568  0.375026  -1.000000  0.262297 0
0.245357  0.898690  -1.000000  0.572023 0
0.569733  0.000000  -1.000000  0.284867 0
0.503040  0.000000  -1.000000  0.251520 0
0.165467  0.000000  -1.000000  0.082734 0
0.360656  0.173632  -1.000000  0.267144 0
0.074715  0.392721  -1.000000  0.233718 0
0.085951  0.555964  -1.000000  0.320958 0
0.495024  0.000000  -1.000000  0.247512 0
0.366667  0.430950  -1.000000  0.398808 0
0.484211  0.145624  -1.000000  0.314918 0
0.150877  0.740014  -1.000000  0.445446 0
0.519800  0.108048  -1.000000  0.313924 0
0.328402  0.000000  -1.000000  0.164201 0
0.203507  0.086368  -1.000000  0.144938 0
0.429260  0.460835  -1.000000  0.445048 0


0.400000  0.517241  -1.000000  0.458621 0
0.206868  0.682943  -1.000000  0.444906 0
0.124700  0.000000  -1.000000  0.062350 0
0.312848  0.537724  -1.000000  0.425286 0
0.400952  0.659704  -1.000000  0.530328 0
0.401243  0.726107  -1.000000  0.563675 0
0.708141  0.000000  -1.000000  0.354071 0
0.072503  0.340141  -1.000000  0.206322 0
0.185898  0.927354  -1.000000  0.556626 0
0.203930  0.502324  -1.000000  0.353127 0
0.253675  0.227790  -1.000000  0.240733 0
0.165973  0.000000  -1.000000  0.082986 0
0.518248  0.000000  -1.000000  0.259124 0
0.358952  0.182747  -1.000000  0.270849 0
0.076018  0.395005  -1.000000  0.235512 0
0.089320  0.562378  -1.000000  0.325849 0
0.422672  0.017793  -1.000000  0.220233 0
0.560101  0.051583  -1.000000  0.305842 0
0.145898  0.862550  -1.000000  0.504224 0
0.480665  0.242201  -1.000000  0.361433 0
0.327818  0.000000  -1.000000  0.163909 0
0.202537  0.087318  -1.000000  0.144927 0
0.426613  0.453168  -1.000000  0.439891 0


0.365854  0.675761  -1.000000  0.520807 0
0.400000  0.163793  -1.000000  0.281897 0
0.207839  0.676329  -1.000000  0.442084 0
0.125603  0.000000  -1.000000  0.062802 0
0.321507  0.611737  -1.000000  0.466622 0
0.426229  0.456218  -1.000000  0.441224 0
0.404402  0.731627  -1.000000  0.568014 0
0.700250  0.000000  -1.000000  0.350125 0
0.139860  0.625833  -1.000000  0.382847 0
0.078638  0.361022  -1.000000  0.219830 0
0.182889  0.948131  -1.000000  0.565510 0
0.204646  0.555093  -1.000000  0.379869 0
0.756005  0.000000  -1.000000  0.378002 0
0.166513  0.000000  -1.000000  0.083256 0
0.683962  0.000000  -1.000000  0.341981 0
0.361305  0.179443  -1.000000  0.270374 0
0.076154  0.392251  -1.000000  0.234202 0
0.089866  0.564565  -1.000000  0.327216 0
0.113855  0.667010  -1.000000  0.390433 0
0.421435  0.020196  -1.000000  0.220815 0
0.440000  0.128686  -1.000000  0.284343 0
0.570589  0.024224  -1.000000  0.297407 0
0.122797  0.728504  -1.000000  0.425651 0
0.483730  0.209571  -1.000000  0.346650 0
0.326913  0.000000  -1.000000  0.163457 0
0.203987  0.078930  -1.000000  0.141459 0
0.426139  0.432860  -1.000000  0.429500 0


0.384615  0.595647  -1.000000  0.490131 0
0.400000  0.150862  -1.000000  0.275431 0
0.204100  0.700639  -1.000000  0.452370 0
0.123515  0.000000  -1.000000  0.061757 0
0.347620  0.538144  -1.000000  0.442882 0
0.446510  0.682816  -1.000000  0.564663 0
0.401726  0.733801  -1.000000  0.567764 0
0.701199  0.000000  -1.000000  0.350599 0
0.133803  0.625579  -1.000000  0.379691 0
0.182842  0.900221  -1.000000  0.541531 0
0.069973  0.307852  -1.000000  0.188912 0
0.149898  0.311536  -1.000000  0.230717 0
0.344828  0.620616  -1.000000  0.482722 0
0.621020  0.000000  -1.000000  0.310510 0
0.748068  0.000000  -1.000000  0.374034 0
0.655172  0.273558  -1.000000  0.464365 0
0.305763  0.086577  -1.000000  0.196170 0
0.166667  0.000000  -1.000000  0.083333 0
0.367442  0.192277  -1.000000  0.279859 0
0.075967  0.416532  -1.000000  0.246250 0
0.091430  0.569595  -1.000000  0.330512 0
0.424210  0.025115  -1.000000  0.224663 0
0.464532  0.433911  -1.000000  0.449221 0
0.410227  0.194959  -1.000000  0.302593 0
0.460939  0.000000  -1.000000  0.230469 0
0.127010  0.785431  -1.000000  0.456220 0
0.455619  0.299180  -1.000000  0.377400 0
0.326742  0.000000  -1.000000  0.163371 0
0.201526  0.092940  -1.000000  0.147233 0
0.427581  0.427249  -1.000000  0.427415 0


0.384615  0.673540  -1.000000  0.529077 0
0.196519  0.713131  -1.000000  0.454825 0
0.125603  0.000000  -1.000000  0.062802 0
0.347535  0.571199  -1.000000  0.459367 0
0.427482  0.567133  -1.000000  0.497307 0
0.401190  0.745076  -1.000000  0.573133 0
0.993001  0.000000  -1.000000  0.496501 0
0.133803  0.617783  -1.000000  0.375793 0
0.076759  0.345058  -1.000000  0.210908 0
0.175494  0.943595  -1.000000  0.559545 0
0.208333  0.552679  -1.000000  0.380506 0
0.516728  0.000000  -1.000000  0.258364 0
0.771429  0.000000  -1.000000  0.385714 0
0.166667  0.000000  -1.000000  0.083333 0
0.365046  0.185022  -1.000000  0.275034 0
0.074912  0.408596  -1.000000  0.241754 0
0.090094  0.548919  -1.000000  0.319506 0
0.423190  0.025133  -1.000000  0.224162 0
0.636365  0.000000  -1.000000  0.318182 0
0.121693  0.768002  -1.000000  0.444848 0
0.491860  0.283902  -1.000000  0.387881 0
0.325929  0.000000  -1.000000  0.162965 0
0.204687  0.084469  -1.000000  0.144578 0
0.427027  0.414504  -1.000000  0.420766 0


0.358974  0.666278  -1.000000  0.512626 0
0.441176  0.046343  -1.000000  0.243760 0
0.201680  0.696784  -1.000000  0.449232 0
0.125603  0.000000  -1.000000  0.062802 0
0.346352  0.548950  -1.000000  0.447651 0
0.450580  0.685187  -1.000000  0.567884 0
0.394505  0.736984  -1.000000  0.565745 0
0.679474  0.000000  -1.000000  0.339737 0
0.132867  0.608554  -1.000000  0.370710 0
0.188701  0.899750  -1.000000  0.544226 0
0.203815  0.509394  -1.000000  0.356605 0
0.756447  0.000000  -1.000000  0.378223 0
0.588235  0.000000  -1.000000  0.294118 0
0.161901  0.000000  -1.000000  0.080951 0
0.356164  0.188103  -1.000000  0.272133 0
0.074990  0.411089  -1.000000  0.243040 0
0.088941  0.557978  -1.000000  0.323460 0
0.422714  0.014633  -1.000000  0.218674 0
0.382593  0.173209  -1.000000  0.277901 0
0.116158  0.707641  -1.000000  0.411900 0
0.463380  0.370721  -1.000000  0.417050 0
0.325554  0.000000  -1.000000  0.162777 0
0.200659  0.098325  -1.000000  0.149492 0
0.419477  0.409650  -1.000000  0.414563 0


0.358974  0.624345  -1.000000  0.491660 0
0.468750  0.000000  -1.000000  0.234375 0
0.200595  0.701693  -1.000000  0.451144 0
0.123515  0.000000  -1.000000  0.061757 0
0.353064  0.521955  -1.000000  0.437510 0
0.406250  0.429170  -1.000000  0.417710 0
0.396408  0.732374  -1.000000  0.564391 0
0.973684  0.000000  -1.000000  0.486842 0
0.132867  0.606247  -1.000000  0.369557 0
0.178636  0.914596  -1.000000  0.546616 0
0.066635  0.295874  -1.000000  0.181254 0
0.200809  0.561256  -1.000000  0.381032 0
0.597015  0.000000  -1.000000  0.298507 0
0.165170  0.000000  -1.000000  0.082585 0
0.357968  0.184385  -1.000000  0.271176 0
0.074152  0.416253  -1.000000  0.245202 0
0.089277  0.549494  -1.000000  0.319385 0
0.495035  0.000000  -1.000000  0.247518 0
0.295739  0.610054  -1.000000  0.452896 0
0.471073  0.094304  -1.000000  0.282689 0
0.114916  0.765874  -1.000000  0.440395 0
0.443905  0.405995  -1.000000  0.424950 0
0.325511  0.000000  -1.000000  0.162755 0
0.203499  0.095157  -1.000000  0.149328 0
0.421190  0.416979  -1.000000  0.419084 0


0.358974  0.670938  -1.000000  0.514956 0
0.203751  0.700379  -1.000000  0.452065 0
0.124475  0.000000  -1.000000  0.062238 0
0.354028  0.478476  -1.000000  0.416252 0
0.400000  0.731034  -1.000000  0.565517 0
0.380900  0.710773  -1.000000  0.545836 0
0.750658  0.000000  -1.000000  0.375329 0
0.141791  0.669105  -1.000000  0.405448 0
0.181819  0.938537  -1.000000  0.560178 0
0.066112  0.301492  -1.000000  0.183802 0
0.199922  0.502835  -1.000000  0.351378 0
0.597015  0.000000  -1.000000  0.298507 0
0.163636  0.000000  -1.000000  0.081818 0
0.361446  0.181557  -1.000000  0.271501 0
0.074594  0.416254  -1.000000  0.245424 0
0.087492  0.536417  -1.000000  0.311954 0
0.493337  0.000000  -1.000000  0.246668 0
0.419417  0.221392  -1.000000  0.320405 0
0.130930  0.762844  -1.000000  0.446887 0
0.583333  0.000000  -1.000000  0.291667 0
0.441750  0.408541  -1.000000  0.425146 0
0.324805  0.000000  -1.000000  0.162403 0
0.203683  0.094457  -1.000000  0.149070 0
0.422392  0.415266  -1.000000  0.418829 0


0.333333  0.828402  -1.000000  0.580868 0
0.368421  0.224390  -1.000000  0.296406 0
0.198110  0.708287  -1.000000  0.453199 0
0.127411  0.000000  -1.000000  0.063706 0
0.344802  0.531072  -1.000000  0.437937 0
0.457894  0.390309  -1.000000  0.424101 0
0.395289  0.713320  -1.000000  0.554305 0
0.970826  0.000000  -1.000000  0.485413 0
0.141791  0.659497  -1.000000  0.400644 0
0.069494  0.316813  -1.000000  0.193153 0
0.178972  0.860238  -1.000000  0.519605 0
0.205455  0.559198  -1.000000  0.382327 0
0.588235  0.000000  -1.000000  0.294118 0
0.170530  0.000000  -1.000000  0.085265 0
0.364851  0.193566  -1.000000  0.279208 0
0.076020  0.419029  -1.000000  0.247525 0
0.088829  0.545128  -1.000000  0.316978 0
0.423025  0.022630  -1.000000  0.222827 0
0.372969  0.312034  -1.000000  0.342501 0
0.124686  0.741151  -1.000000  0.432918 0
0.441036  0.436593  -1.000000  0.438814 0
0.325185  0.000000  -1.000000  0.162593 0
0.201854  0.102006  -1.000000  0.151930 0
0.422826  0.399223  -1.000000  0.411024 0


0.342105  0.699318  -1.000000  0.520712 0
0.200711  0.708271  -1.000000  0.454491 0
0.124097  0.000000  -1.000000  0.062048 0
0.349210  0.523643  -1.000000  0.436426 0
0.387692  0.653097  -1.000000  0.520394 0
0.382187  0.722940  -1.000000  0.552564 0
0.728411  0.000000  -1.000000  0.364205 0
0.141791  0.662117  -1.000000  0.401954 0
0.198614  0.898324  -1.000000  0.548469 0
0.150591  0.331905  -1.000000  0.241248 0
0.310433  0.000000  -1.000000  0.155216 0
0.597015  0.000000  -1.000000  0.298507 0
0.168681  0.000000  -1.000000  0.084340 0
0.342479  0.245767  -1.000000  0.294123 0
0.074157  0.409524  -1.000000  0.241840 0
0.089598  0.542172  -1.000000  0.315885 0
0.420443  0.029290  -1.000000  0.224866 0
0.381878  0.358193  -1.000000  0.370035 0
0.436851  0.423397  -1.000000  0.430124 0
0.324493  0.000000  -1.000000  0.162247 0
0.101281  0.612400  -1.000000  0.356841 0
0.201481  0.105867  -1.000000  0.153674 0
0.422631  0.403992  -1.000000  0.413311 0


0.342105  0.684439  -1.000000  0.513272 0
0.203358  0.703235  -1.000000  0.453297 0
0.125906  0.000000  -1.000000  0.062953 0
0.353571  0.463895  -1.000000  0.408733 0
0.369686  0.000000  -1.000000  0.184843 0
0.560000  0.165652  -1.000000  0.362826 0
0.392628  0.722595  -1.000000  0.557612 0
0.840000  0.000000  -1.000000  0.420000 0
0.142857  0.668366  -1.000000  0.405611 0
0.183597  0.878004  -1.000000  0.530800 0
0.149626  0.377576  -1.000000  0.263601 0
0.278281  0.000000  -1.000000  0.139140 0
0.597015  0.000000  -1.000000  0.298507 0
0.163608  0.000000  -1.000000  0.081804 0
0.361702  0.195022  -1.000000  0.278362 0
0.074967  0.406900  -1.000000  0.240934 0
0.087606  0.531599  -1.000000  0.309603 0
0.419244  0.031358  -1.000000  0.225301 0
0.488933  0.093106  -1.000000  0.291020 0
0.451221  0.406386  -1.000000  0.428803 0
0.340995  0.000000  -1.000000  0.170498 0
0.115538  0.597725  -1.000000  0.356632 0
0.201656  0.100968  -1.000000  0.151312 0
0.422033  0.383155  -1.000000  0.402594 0


0.333333  0.823669  -1.000000  0.578501 0
0.203037  0.699738  -1.000000  0.451388 0
0.125603  0.000000  -1.000000  0.062802 0
0.350536  0.503122  -1.000000  0.426829 0
0.433207  0.563254  -1.000000  0.498231 0
0.380698  0.715454  -1.000000  0.548076 0
0.974026  0.000000  -1.000000  0.487013 0
0.143939  0.666629  -1.000000  0.405284 0
0.176578  0.890130  -1.000000  0.533354 0
0.150438  0.324759  -1.000000  0.237599 0
0.597015  0.000000  -1.000000  0.298507 0
0.288098  0.064637  -1.000000  0.176368 0
0.170530  0.000000  -1.000000  0.085265 0
0.362112  0.184966  -1.000000  0.273539 0
0.075824  0.422190  -1.000000  0.249007 0
0.091105  0.542698  -1.000000  0.316902 0
0.419045  0.024568  -1.000000  0.221806 0
0.351275  0.336989  -1.000000  0.344132 0
0.625000  0.000000  -1.000000  0.312500 0
0.436665  0.402986  -1.000000  0.419826 0
0.324382  0.000000  -1.000000  0.162191 0
0.107750  0.543832  -1.000000  0.325791 0
0.203975  0.094480  -1.000000  0.149227 0
0.423584  0.398482  -1.000000  0.411033 0


0.351351  0.676203  -1.000000  0.513777 0
0.205961  0.695501  -1.000000  0.450731 0
0.127242  0.000000  -1.000000  0.063621 0
0.358935  0.471604  -1.000000  0.415269 0
0.561320  0.263409  -1.000000  0.412365 0
0.382615  0.720647  -1.000000  0.551631 0
0.879857  0.000000  -1.000000  0.439928 0
0.143939  0.669778  -1.000000  0.406859 0
0.181133  0.967262  -1.000000  0.574198 0
0.150096  0.366245  -1.000000  0.258171 0
0.546802  0.000000  -1.000000  0.273401 0
0.597015  0.000000  -1.000000  0.298507 0
0.163636  0.000000  -1.000000  0.081818 0
0.367315  0.175215  -1.000000  0.271265 0
0.074502  0.417939  -1.000000  0.246220 0
0.087714  0.519372  -1.000000  0.303543 0
0.492416  0.000000  -1.000000  0.246208 0
0.357542  0.165125  -1.000000  0.261333 0
0.419144  0.438121  -1.000000  0.428633 0
0.324439  0.000000  -1.000000  0.162219 0
0.132210  0.693244  -1.000000  0.412727 0
0.203598  0.098332  -1.000000  0.150965 0
0.423584  0.387508  -1.000000  0.405546 0


0.315789  0.720403  -1.000000  0.518096 0
0.203815  0.703850  -1.000000  0.453832 0
0.122289  0.000000  -1.000000  0.061145 0
0.363017  0.481212  -1.000000  0.422114 0
0.406250  0.563286  -1.000000  0.484768 0
0.382669  0.720286  -1.000000  0.551477 0
0.755265  0.000000  -1.000000  0.377633 0
0.143939  0.662581  -1.000000  0.403260 0
0.179816  0.954689  -1.000000  0.567253 0
0.066591  0.307601  -1.000000  0.187096 0
0.151880  0.309987  -1.000000  0.230933 0
0.569696  0.000000  -1.000000  0.284848 0
0.597015  0.000000  -1.000000  0.298507 0
0.165916  0.000000  -1.000000  0.082958 0
0.353604  0.220394  -1.000000  0.286999 0
0.074498  0.404182  -1.000000  0.239340 0
0.089863  0.544897  -1.000000  0.317380 0
0.491376  0.000000  -1.000000  0.245688 0
0.501386  0.258374  -1.000000  0.379880 0
0.469854  0.326331  -1.000000  0.398092 0
0.324948  0.242652  -1.000000  0.283800 0
0.430768  0.444201  -1.000000  0.437484 0
0.323427  0.000000  -1.000000  0.161714 0
0.113433  0.646451  -1.000000  0.379942 0
0.204602  0.095920  -1.000000  0.150261 0
0.419636  0.393017  -1.000000  0.406326 0


0.315789  0.685139  -1.000000  0.500464 0
0.202670  0.709986  -1.000000  0.456328 0
0.124700  0.000000  -1.000000  0.062350 0
0.345697  0.524646  -1.000000  0.435171 0
0.433333  0.441534  -1.000000  0.437434 0
0.371508  0.716956  -1.000000  0.544232 0
0.951852  0.000000  -1.000000  0.475926 0
0.143939  0.664830  -1.000000  0.404385 0
0.178269  0.896149  -1.000000  0.537209 0
0.072555  0.301369  -1.000000  0.186962 0
0.196967  0.563048  -1.000000  0.380008 0
0.284382  0.000000  -1.000000  0.142191 0
0.602941  0.000000  -1.000000  0.301471 0
0.166569  0.000000  -1.000000  0.083285 0
0.359813  0.181962  -1.000000  0.270888 0
0.076175  0.422063  -1.000000  0.249119 0
0.087292  0.539075  -1.000000  0.313183 0
0.420534  0.023704  -1.000000  0.222119 0
0.313344  0.610190  -1.000000  0.461767 0
0.427192  0.240197  -1.000000  0.333695 0
0.415680  0.459060  -1.000000  0.437370 0
0.323801  0.000000  -1.000000  0.161901 0
0.196749  0.593489  -1.000000  0.395119 0
0.204228  0.097938  -1.000000  0.151083 0
0.419636  0.388951  -1.000000  0.404293 0


0.333333  0.638889  -1.000000  0.486111 0
0.295455  0.467458  -1.000000  0.381456 0
0.199623  0.702272  -1.000000  0.450948 0
0.123278  0.000000  -1.000000  0.061639 0
0.343202  0.540870  -1.000000  0.442036 0
0.384818  0.676641  -1.000000  0.530729 0
0.370432  0.717970  -1.000000  0.544201 0
0.766491  0.000000  -1.000000  0.383245 0
0.145038  0.665677  -1.000000  0.405358 0
0.164967  0.926948  -1.000000  0.545958 0
0.064419  0.292928  -1.000000  0.178674 0
0.150656  0.337704  -1.000000  0.244180 0
0.282408  0.000000  -1.000000  0.141204 0
0.602941  0.000000  -1.000000  0.301471 0
0.170407  0.000000  -1.000000  0.085204 0
0.362149  0.182193  -1.000000  0.272171 0
0.075804  0.415344  -1.000000  0.245574 0
0.087772  0.538512  -1.000000  0.313142 0
0.420502  0.021439  -1.000000  0.220970 0
0.400881  0.178432  -1.000000  0.289656 0
0.407733  0.493290  -1.000000  0.450511 0
0.323122  0.000000  -1.000000  0.161561 0
0.190476  0.571459  -1.000000  0.380968 0
0.202841  0.103883  -1.000000  0.153362 0
0.419987  0.388022  -1.000000  0.404004 0


0.333333  0.677778  -1.000000  0.505556 0
0.209040  0.699221  -1.000000  0.454130 0
0.124278  0.000000  -1.000000  0.062139 0
0.346102  0.516059  -1.000000  0.431081 0
0.441971  0.449325  -1.000000  0.445648 0
0.378519  0.714009  -1.000000  0.546264 0
0.690356  0.000000  -1.000000  0.345178 0
0.145038  0.665221  -1.000000  0.405130 0
0.067408  0.311636  -1.000000  0.189522 0
0.175517  0.936592  -1.000000  0.556055 0
0.200748  0.562090  -1.000000  0.381419 0
0.352941  0.572308  -1.000000  0.462624 0
0.407868  0.000000  -1.000000  0.203934 0
0.611940  0.000000  -1.000000  0.305970 0
0.167273  0.000000  -1.000000  0.083636 0
0.352098  0.212104  -1.000000  0.282101 0
0.073595  0.411018  -1.000000  0.242306 0
0.090029  0.521815  -1.000000  0.305922 0
0.420859  0.031163  -1.000000  0.226011 0
0.500000  0.634320  -1.000000  0.567160 0
0.384329  0.389543  -1.000000  0.386936 0
0.681818  0.000000  -1.000000  0.340909 0
0.418846  0.480213  -1.000000  0.449529 0
0.323082  0.000000  -1.000000  0.161541 0
0.217705  0.584974  -1.000000  0.401340 0
0.201183  0.111206  -1.000000  0.156195 0
0.418003  0.389381  -1.000000  0.403692 0


0.333333  0.688889  -1.000000  0.511111 0
0.209040  0.701993  -1.000000  0.455517 0
0.126323  0.000000  -1.000000  0.063161 0
0.345354  0.518594  -1.000000  0.431974 0
0.451613  0.387208  -1.000000  0.419411 0
0.379210  0.704459  -1.000000  0.541835 0
0.796202  0.000000  -1.000000  0.398101 0
0.145038  0.663851  -1.000000  0.404445 0
0.178098  0.920481  -1.000000  0.549289 0
0.068512  0.304398  -1.000000  0.186455 0
0.209516  0.503968  -1.000000  0.356742 0
0.868421  0.000000  -1.000000  0.434211 0
0.267180  0.000000  -1.000000  0.133590 0
0.611940  0.000000  -1.000000  0.305970 0
0.163670  0.000000  -1.000000  0.081835 0
0.354545  0.206152  -1.000000  0.280349 0
0.073498  0.421474  -1.000000  0.247486 0
0.088822  0.524193  -1.000000  0.306507 0
0.420036  0.028293  -1.000000  0.224164 0
0.280617  0.663414  -1.000000  0.472015 0
0.368421  0.276839  -1.000000  0.322630 0
0.412720  0.497902  -1.000000  0.455311 0
0.322730  0.000000  -1.000000  0.161365 0
0.215058  0.571612  -1.000000  0.393335 0
0.201103  0.109667  -1.000000  0.155385 0
0.417526  0.378914  -1.000000  0.398220 0


0.342857  0.625274  -1.000000  0.484066 0
0.201887  0.713147  -1.000000  0.457517 0
0.125907  0.000000  -1.000000  0.062954 0
0.357338  0.492350  -1.000000  0.424844 0
0.389611  0.586389  -1.000000  0.488000 0
0.380641  0.708217  -1.000000  0.544429 0
0.743139  0.000000  -1.000000  0.371570 0
0.146154  0.671108  -1.000000  0.408631 0
0.073907  0.333995  -1.000000  0.203951 0
0.182731  0.919147  -1.000000  0.550939 0
0.847826  0.000000  -1.000000  0.423913 0
0.204641  0.556852  -1.000000  0.380747 0
0.719827  0.000000  -1.000000  0.359914 0
0.611940  0.000000  -1.000000  0.305970 0
0.163856  0.000000  -1.000000  0.081928 0
0.362452  0.180707  -1.000000  0.271579 0
0.074163  0.405998  -1.000000  0.240081 0
0.086387  0.533381  -1.000000  0.309884 0
0.420807  0.028811  -1.000000  0.224809 0
0.414048  0.515247  -1.000000  0.464647 0
0.310001  0.456210  -1.000000  0.383105 0
0.421535  0.471192  -1.000000  0.446363 0
0.322794  0.000000  -1.000000  0.161397 0
0.144279  0.785606  -1.000000  0.464943 0
0.202473  0.108268  -1.000000  0.155370 0
0.416363  0.365196  -1.000000  0.390779 0


0.333333  0.683333  -1.000000  0.508333 0
0.192822  0.705270  -1.000000  0.449046 0
0.126401  0.000000  -1.000000  0.063201 0
0.341879  0.518166  -1.000000  0.430022 0
0.381891  0.703933  -1.000000  0.542912 0
0.155948  0.827960  -1.000000  0.491954 0
0.517189  0.000000  -1.000000  0.258594 0
0.809631  0.000000  -1.000000  0.404815 0
0.150794  0.702593  -1.000000  0.426693 0
0.171092  0.764932  -1.000000  0.468012 0
0.213710  0.792375  -1.000000  0.503042 0
0.666667  0.000000  -1.000000  0.333333 0
0.205413  0.494524  -1.000000  0.349968 0
0.510548  0.000000  -1.000000  0.255274 0
0.611940  0.000000  -1.000000  0.305970 0
0.113607  0.000000  -1.000000  0.056804 0
0.167188  0.000000  -1.000000  0.083594 0
0.357910  0.182469  -1.000000  0.270190 0
0.078524  0.420859  -1.000000  0.249691 0
0.087877  0.521393  -1.000000  0.304635 0
0.420853  0.256255  -1.000000  0.338554 0
0.378948  0.677771  -1.000000  0.528359 0
0.640000  0.000000  -1.000000  0.320000 0
0.407444  0.000000  -1.000000  0.203722 0
0.399365  0.585681  -1.000000  0.492523 0
0.346690  0.153209  -1.000000  0.249950 0
0.640001  0.034281  -1.000000  0.337141 0
0.332762  0.017853  -1.000000  0.175307 0
0.163143  0.165894  -1.000000  0.164519 0


0.323529  0.626468  -1.000000  0.474999 0
0.201946  0.718234  -1.000000  0.460090 0
0.124714  0.000000  -1.000000  0.062357 0
0.348561  0.488394  -1.000000  0.418477 0
0.358191  0.802258  -1.000000  0.580224 0
0.366354  0.718089  -1.000000  0.542222 0
0.995565  0.000000  -1.000000  0.497783 0
0.183673  0.787268  -1.000000  0.485471 0
0.541667  0.000000  -1.000000  0.270833 0
0.189836  0.900936  -1.000000  0.545386 0
0.067671  0.290155  -1.000000  0.178913 0
0.197732  0.555003  -1.000000  0.376367 0
0.611940  0.000000  -1.000000  0.305970 0
0.170991  0.000000  -1.000000  0.085495 0
0.357858  0.182258  -1.000000  0.270058 0
0.075325  0.410080  -1.000000  0.242702 0
0.086912  0.522786  -1.000000  0.304849 0
0.417784  0.235034  -1.000000  0.326409 0
0.359218  0.015887  -1.000000  0.187553 0
0.308333  0.705180  -1.000000  0.506756 0
0.877551  0.054588  -1.000000  0.466070 0
0.340909  0.363824  -1.000000  0.352367 0
0.411141  0.000000  -1.000000  0.205570 0
0.402062  0.580420  -1.000000  0.491241 0
0.339472  0.182969  -1.000000  0.261221 0
0.162881  0.168472  -1.000000  0.165677 0


0.323529  0.651527  -1.000000  0.487528 0
0.196276  0.713197  -1.000000  0.454737 0
0.123295  0.000000  -1.000000  0.061647 0
0.351563  0.498181  -1.000000  0.424872 0
0.369565  0.728852  -1.000000  0.549209 0
0.366547  0.719438  -1.000000  0.542993 0
0.978536  0.000000  -1.000000  0.489268 0
0.204301  0.746726  -1.000000  0.475513 0
0.520000  0.000000  -1.000000  0.260000 0
0.189083  0.911787  -1.000000  0.550435 0
0.069291  0.296538  -1.000000  0.182915 0
0.205352  0.503143  -1.000000  0.354247 0
0.531180  0.000000  -1.000000  0.265590 0
0.611940  0.000000  -1.000000  0.305970 0
0.163043  0.000000  -1.000000  0.081522 0
0.365466  0.179414  -1.000000  0.272440 0
0.075157  0.415283  -1.000000  0.245220 0
0.089983  0.528346  -1.000000  0.309164 0
0.490382  0.000000  -1.000000  0.245191 0
0.249605  0.720470  -1.000000  0.485038 0
0.347899  0.047142  -1.000000  0.197521 0
0.325396  0.565015  -1.000000  0.445206 0
0.803279  0.209082  -1.000000  0.506180 0
0.700933  0.324236  -1.000000  0.512584 0
0.410913  0.000000  -1.000000  0.205456 0
0.397083  0.582819  -1.000000  0.489951 0
0.278412  0.171805  -1.000000  0.225108 0
0.163509  0.167638  -1.000000  0.165573 0


0.333333  0.495868  -1.000000  0.414601 0
0.205386  0.706795  -1.000000  0.456091 0
0.126236  0.000000  -1.000000  0.063118 0
0.352935  0.496560  -1.000000  0.424748 0
0.435252  0.439489  -1.000000  0.437370 0
0.383154  0.714367  -1.000000  0.548761 0
0.900582  0.000000  -1.000000  0.450291 0
0.184466  0.758432  -1.000000  0.471449 0
0.567164  0.000000  -1.000000  0.283582 0
0.170242  0.910614  -1.000000  0.540428 0
0.066729  0.293259  -1.000000  0.179994 0
0.149213  0.374993  -1.000000  0.262103 0
0.283213  0.000000  -1.000000  0.141606 0
0.611940  0.000000  -1.000000  0.305970 0
0.163609  0.000000  -1.000000  0.081805 0
0.362353  0.180678  -1.000000  0.271516 0
0.074171  0.412662  -1.000000  0.243416 0
0.087151  0.512323  -1.000000  0.299737 0
0.378205  0.632389  -1.000000  0.505297 0
0.417684  0.234522  -1.000000  0.326103 0
0.673469  0.000000  -1.000000  0.336735 0
0.410352  0.000000  -1.000000  0.205176 0
0.399535  0.513121  -1.000000  0.456328 0
0.344091  0.000000  -1.000000  0.172046 0
0.163980  0.171321  -1.000000  0.167651 0


0.343750  0.551965  -1.000000  0.447858 0
0.211438  0.692036  -1.000000  0.451737 0
0.125906  0.000000  -1.000000  0.062953 0
0.364522  0.470191  -1.000000  0.417357 0
0.474821  0.298602  -1.000000  0.386711 0
0.384292  0.716450  -1.000000  0.550371 0
0.627618  0.000000  -1.000000  0.313809 0
0.159292  0.768655  -1.000000  0.463974 0
0.655172  0.000000  -1.000000  0.327586 0
0.189051  0.898529  -1.000000  0.543790 0
0.066657  0.288806  -1.000000  0.177732 0
0.150904  0.340276  -1.000000  0.245590 0
0.719828  0.000000  -1.000000  0.359914 0
0.602941  0.000000  -1.000000  0.301471 0
0.163608  0.000000  -1.000000  0.081804 0
0.362685  0.173653  -1.000000  0.268169 0
0.074215  0.412992  -1.000000  0.243603 0
0.088371  0.525052  -1.000000  0.306711 0
0.418501  0.246519  -1.000000  0.332510 0
0.359952  0.014476  -1.000000  0.187214 0
0.290970  0.746788  -1.000000  0.518879 0
0.673469  0.000000  -1.000000  0.336735 0
0.659339  0.136165  -1.000000  0.397752 0
0.408916  0.000000  -1.000000  0.204458 0
0.388268  0.558954  -1.000000  0.473611 0
0.342873  0.140440  -1.000000  0.241656 0
0.163481  0.168923  -1.000000  0.166202 0


0.312500  0.790036  -1.000000  0.551268 0
0.204161  0.696867  -1.000000  0.450514 0
0.125364  0.000000  -1.000000  0.062682 0
0.355303  0.481759  -1.000000  0.418531 0
0.417519  0.591193  -1.000000  0.504356 0
0.431562  0.720371  -1.000000  0.575967 0
0.734712  0.000000  -1.000000  0.367356 0
0.148760  0.727030  -1.000000  0.437895 0
0.074116  0.333046  -1.000000  0.203581 0
0.780000  0.000000  -1.000000  0.390000 0
0.167905  0.963283  -1.000000  0.565594 0
0.197867  0.557219  -1.000000  0.377543 0
0.552036  0.000000  -1.000000  0.276018 0
0.611940  0.000000  -1.000000  0.305970 0
0.160156  0.000000  -1.000000  0.080078 0
0.366567  0.179749  -1.000000  0.273158 0
0.159468  0.853919  -1.000000  0.506694 0
0.112157  0.457072  -1.000000  0.284614 0
0.552352  0.000000  -1.000000  0.276176 0
0.680000  0.000000  -1.000000  0.340000 0
0.394038  0.000000  -1.000000  0.197019 0
0.130779  0.000000  -1.000000  0.065389 0
0.433926  0.418793  -1.000000  0.426359 0
0.342801  0.000000  -1.000000  0.171400 0
0.243410  0.638541  -1.000000  0.440975 0
0.173167  0.122290  -1.000000  0.147728 0


0.290323  0.852207  -1.000000  0.571265 0
0.167145  0.646770  -1.000000  0.406958 0
0.128019  0.000000  -1.000000  0.064009 0
0.385479  0.000000  -1.000000  0.192740 0
0.347408  0.493384  -1.000000  0.420396 0
0.377143  0.653457  -1.000000  0.515300 0
0.375976  0.014612  -1.000000  0.195294 0
0.195045  0.790413  -1.000000  0.492729 0
0.458978  0.137910  -1.000000  0.298444 0
0.251938  0.854209  -1.000000  0.553073 0
0.186709  0.638301  -1.000000  0.412505 0
0.829787  0.000000  -1.000000  0.414894 0
0.255952  0.330396  -1.000000  0.293174 0
0.664805  0.000000  -1.000000  0.332402 0
0.611940  0.000000  -1.000000  0.305970 0
0.113402  0.000000  -1.000000  0.056701 0
0.167108  0.000000  -1.000000  0.083554 0
0.378182  0.184432  -1.000000  0.281307 0
0.472394  0.227706  -1.000000  0.350050 0
0.076109  0.335660  -1.000000  0.205884 0
0.085990  0.497669  -1.000000  0.291829 0
0.448172  0.237504  -1.000000  0.342838 0
0.692308  0.000000  -1.000000  0.346154 0
0.680000  0.000000  -1.000000  0.340000 0
0.432064  0.000000  -1.000000  0.216032 0
0.371858  0.655235  -1.000000  0.513546 0
0.339887  0.213896  -1.000000  0.276892 0
0.343621  0.033130  -1.000000  0.188375 0
0.164696  0.150957  -1.000000  0.157826 0


0.354839  0.576710  -1.000000  0.465774 0
0.209931  0.705314  -1.000000  0.457623 0
0.128690  0.000000  -1.000000  0.064345 0
0.346445  0.522015  -1.000000  0.434230 0
0.410834  0.600653  -1.000000  0.505744 0
0.393315  0.709264  -1.000000  0.551289 0
0.713805  0.000000  -1.000000  0.356903 0
0.140625  0.681350  -1.000000  0.410988 0
0.075007  0.349021  -1.000000  0.212014 0
0.191217  0.914253  -1.000000  0.552735 0
0.918919  0.000000  -1.000000  0.459459 0
0.201611  0.559430  -1.000000  0.380520 0
0.372372  0.000000  -1.000000  0.186186 0
0.611940  0.000000  -1.000000  0.305970 0
0.164234  0.000000  -1.000000  0.082117 0
0.363776  0.188178  -1.000000  0.275977 0
0.074898  0.272522  -1.000000  0.173710 0
0.089248  0.489853  -1.000000  0.289550 0
0.434577  0.198902  -1.000000  0.316739 0
0.314917  0.702249  -1.000000  0.508583 0
0.693878  0.000000  -1.000000  0.346939 0
0.405864  0.000000  -1.000000  0.202932 0
0.388270  0.613625  -1.000000  0.500947 0
0.341335  0.000000  -1.000000  0.170667 0
0.164589  0.160901  -1.000000  0.162745 0


0.322581  0.625825  -1.000000  0.474203 0
0.208172  0.715413  -1.000000  0.461792 0
0.125126  0.000000  -1.000000  0.062563 0
0.345231  0.527517  -1.000000  0.436374 0
0.400000  0.390805  -1.000000  0.395402 0
0.354540  0.702493  -1.000000  0.528516 0
0.696558  0.000000  -1.000000  0.348279 0
0.141732  0.688507  -1.000000  0.415119 0
0.071920  0.335613  -1.000000  0.203767 0
0.189119  0.897179  -1.000000  0.543149 0
0.756757  0.000000  -1.000000  0.378378 0
0.149823  0.341096  -1.000000  0.245460 0
0.534132  0.000000  -1.000000  0.267066 0
0.611940  0.000000  -1.000000  0.305970 0
0.164835  0.000000  -1.000000  0.082418 0
0.364706  0.178373  -1.000000  0.271539 0
0.077793  0.354131  -1.000000  0.215962 0
0.090241  0.540958  -1.000000  0.315600 0
0.872494  0.154019  -1.000000  0.513257 0
0.402678  0.267954  -1.000000  0.335316 0
0.352379  0.036994  -1.000000  0.194686 0
0.345879  0.554565  -1.000000  0.450222 0
0.693878  0.000000  -1.000000  0.346939 0
0.395882  0.000000  -1.000000  0.197941 0
0.410025  0.537488  -1.000000  0.473756 0
0.337927  0.254828  -1.000000  0.296378 0
0.164589  0.147958  -1.000000  0.156274 0


0.344828  0.578108  -1.000000  0.461468 0
0.204281  0.712562  -1.000000  0.458421 0
0.123515  0.000000  -1.000000  0.061757 0
0.344156  0.519476  -1.000000  0.431816 0
0.369565  0.541272  -1.000000  0.455419 0
0.347147  0.711385  -1.000000  0.529266 0
0.626019  0.000000  -1.000000  0.313010 0
0.141732  0.684617  -1.000000  0.413175 0
0.083520  0.341379  -1.000000  0.212450 0
0.165372  0.860394  -1.000000  0.512883 0
0.647059  0.000000  -1.000000  0.323529 0
0.187079  0.140716  -1.000000  0.163897 0
0.611940  0.000000  -1.000000  0.305970 0
0.164835  0.000000  -1.000000  0.082418 0
0.367059  0.188758  -1.000000  0.277908 0
0.075832  0.341101  -1.000000  0.208467 0
0.087713  0.522919  -1.000000  0.305316 0
0.434864  0.230738  -1.000000  0.332801 0
0.308917  0.578565  -1.000000  0.443741 0
0.673469  0.000000  -1.000000  0.336735 0
0.392219  0.000000  -1.000000  0.196109 0
0.392080  0.614444  -1.000000  0.503262 0
0.328415  0.000000  -1.000000  0.164207 0
0.164589  0.147750  -1.000000  0.156170 0


0.333333  0.744000  -1.000000  0.538667 0
0.208172  0.717880  -1.000000  0.463026 0
0.125041  0.000000  -1.000000  0.062521 0
0.346203  0.529364  -1.000000  0.437783 0
0.450199  0.372970  -1.000000  0.411585 0
0.362573  0.659507  -1.000000  0.511040 0
0.707511  0.000000  -1.000000  0.353756 0
0.075513  0.338748  -1.000000  0.207131 0
0.113924  0.577349  -1.000000  0.345636 0
0.173611  0.874898  -1.000000  0.524255 0
0.194212  0.506907  -1.000000  0.350560 0
0.611940  0.000000  -1.000000  0.305970 0
0.167808  0.000000  -1.000000  0.083904 0
0.365653  0.188833  -1.000000  0.277243 0
0.079109  0.326710  -1.000000  0.202909 0
0.087648  0.528339  -1.000000  0.307993 0
0.427160  0.299749  -1.000000  0.363455 0
0.347826  0.609781  -1.000000  0.478803 0
0.700000  0.000000  -1.000000  0.350000 0
0.388294  0.000000  -1.000000  0.194147 0
0.398737  0.584631  -1.000000  0.491684 0
0.340234  0.000000  -1.000000  0.170117 0
0.165282  0.138591  -1.000000  0.151936 0


0.341463  0.814065  -1.000000  0.577764 0
0.316884  0.604738  -1.000000  0.460811 0
0.211127  0.636191  -1.000000  0.423659 0
0.150632  0.000000  -1.000000  0.075316 0
0.347230  0.518694  -1.000000  0.432962 0
0.434783  0.635931  -1.000000  0.535357 0
0.656878  0.000000  -1.000000  0.328439 0
0.125000  0.601330  -1.000000  0.363165 0
0.173864  0.874144  -1.000000  0.524004 0
0.193749  0.511946  -1.000000  0.352848 0
0.209841  0.180876  -1.000000  0.195359 0
0.611940  0.000000  -1.000000  0.305970 0
0.163180  0.000000  -1.000000  0.081590 0
0.362769  0.198928  -1.000000  0.280848 0
0.224275  0.908199  -1.000000  0.566237 0
0.080737  0.394623  -1.000000  0.237680 0
0.733766  0.000000  -1.000000  0.366883 0
0.330106  0.037314  -1.000000  0.183710 0
0.351351  0.393006  -1.000000  0.372179 0
0.320755  0.302417  -1.000000  0.311586 0
0.232217  0.893248  -1.000000  0.562733 0
0.248724  0.587060  -1.000000  0.417892 0
0.322542  0.260144  -1.000000  0.291343 0
0.168381  0.098612  -1.000000  0.133496 0


0.493976  0.263244  -1.000000  0.378610 0
0.140459  0.738003  -1.000000  0.439231 0
0.349308  0.502362  -1.000000  0.425835 0
0.244730  0.000000  -1.000000  0.122365 0
0.265596  0.501179  -1.000000  0.383388 0
0.106622  0.561870  -1.000000  0.334246 0
0.140625  0.658367  -1.000000  0.399496 0
0.611940  0.000000  -1.000000  0.305970 0
0.209463  0.000000  -1.000000  0.104731 0
0.393547  0.050089  -1.000000  0.221818 0
0.800000  0.000000  -1.000000  0.400000 0
0.086873  0.546347  -1.000000  0.316610 0
0.786667  0.000000  -1.000000  0.393333 0
0.402621  0.000000  -1.000000  0.201310 0
0.197216  0.000000  -1.000000  0.098608 0
0.246705  0.599206  -1.000000  0.422956 0
0.278262  0.759071  -1.000000  0.518666 0
0.314887  0.027638  -1.000000  0.171262 0
0.220867  0.115945  -1.000000  0.168406 0
0.132451  0.741096  -1.000000  0.436773 0


0.356820  0.483239  -1.000000  0.420030 0
0.138211  0.675055  -1.000000  0.406633 0
0.267769  0.772187  -1.000000  0.519978 0
0.231915  0.916715  -1.000000  0.574315 0
0.178218  0.156242  -1.000000  0.167230 0
0.611940  0.000000  -1.000000  0.305970 0
0.426854  0.000000  -1.000000  0.213427 0
0.118491  0.433510  -1.000000  0.276000 0
0.115831  0.691174  -1.000000  0.403503 0
0.213593  0.000000  -1.000000  0.106796 0
0.701299  0.000000  -1.000000  0.350649 0
0.210937  0.923705  -1.000000  0.567321 0
0.254858  0.559116  -1.000000  0.406987 0
0.666357  0.131068  -1.000000  0.398712 0
0.235521  0.605294  -1.000000  0.420407 0


0.385395  0.442632  -1.000000  0.414013 0
0.138211  0.680244  -1.000000  0.409228 0
0.122821  0.517966  -1.000000  0.320393 0
0.804878  0.000000  -1.000000  0.402439 0
0.153453  0.540106  -1.000000  0.346780 0
0.751345  0.000000  -1.000000  0.375673 0
0.611940  0.000000  -1.000000  0.305970 0
0.087142  0.398836  -1.000000  0.242989 0
0.202381  0.893125  -1.000000  0.547753 0
0.811455  0.364078  -1.000000  0.587767 1
0.805970  0.000000  -1.000000  0.402985 0
0.392123  0.654866  -1.000000  0.523495 0
0.547987  0.000000  -1.000000  0.273994 0
0.237257  0.565756  -1.000000  0.401506 0
0.140574  0.439903  -1.000000  0.290239 0
0.499205  0.278387  -1.000000  0.388796 0


0.280703  0.727531  -1.000000  0.504117 0
0.347449  0.493012  -1.000000  0.420230 0
0.092030  0.447451  -1.000000  0.269741 0
0.194062  0.982989  -1.000000  0.588525 0
0.145161  0.677707  -1.000000  0.411434 0
0.731802  0.000000  -1.000000  0.365901 0
0.909091  0.000000  -1.000000  0.454545 0
0.755435  0.000000  -1.000000  0.377717 0
0.869209  0.000000  -1.000000  0.434605 0
0.611940  0.000000  -1.000000  0.305970 0
0.874582  0.510947  -1.000000  0.692764 1
0.079840  0.449029  -1.000000  0.264435 0
0.229839  0.677775  -1.000000  0.453807 0
0.096292  0.480607  -1.000000  0.288450 0
0.097823  0.448351  -1.000000  0.273087 0
0.503964  0.195645  -1.000000  0.349805 0
0.136816  0.549993  -1.000000  0.343404 0
0.256741  0.536502  -1.000000  0.396621 0
0.352515  0.669921  -1.000000  0.511218 0
0.437374  0.414985  -1.000000  0.426179 0
0.235521  0.574673  -1.000000  0.405097 0


0.742857  0.000000  24.622145  0.557143 0
0.892710  0.000000  44.843622  0.669533 0
0.918342  0.572321  47.131361  1.117997 1
0.777778  0.000000  338.000000  0.049259 0


0.095036  0.553905  274.208852  0.324470 0
0.753507  0.000000  23.482213  0.565130 0
0.881122  0.000000  31.671991  0.660842 0
0.917016  0.563126  41.619039  1.110106 1


0.661355  0.000000  24.413303  0.496016 0
0.965069  0.000000  4.654199  0.723802 0
0.929990  0.591960  12.124568  1.141463 1


0.979019  0.000000  16.695714  0.734265 0
0.941458  0.682681  8.041332  1.218104 1


0.950185  0.669698  5.645920  1.214913 1


0.950696  0.794903  21.664753  1.309199 1
0.351670  0.685019  293.837081  0.518344 0


0.322581  0.693685  336.311240  0.061503 0
0.925196  0.822563  19.123286  1.310819 1


0.504001  0.223651  316.193764  0.019639 0
0.931910  0.817695  19.665529  1.312204 1


0.416868  0.212313  306.539818  0.006858 0
0.939769  0.828765  12.013229  1.326400 1


0.208438  0.996415  277.466259  0.602426 0
0.946488  0.871462  10.901295  1.363462 1


0.943833  0.814930  8.238896  1.319073 1


0.942658  0.907680  22.047412  1.387753 1


0.971672  0.954962  25.199239  1.444976 1


0.953390  0.824688  23.293184  1.333558 1


0.968157  1.000000  34.813858  1.476118 1


0.920349  0.987036  33.736688  1.430539 1


0.929891  0.970893  27.539586  1.425588 1


0.925611  0.940366  28.563159  1.399483 1


0.924933  0.961580  17.618355  1.414885 1


0.938833  1.000000  15.661010  1.454124 1


0.889640  0.631123  8.660651  1.140572 1
0.195122  0.848138  273.826587  0.521630 0


0.982269  1.000000  25.195857  1.486701 1
0.241758  0.884427  269.529683  0.563092 0


0.988874  1.000000  15.147701  1.491656 1


0.994809  1.000000  14.232525  1.496107 1


0.994123  1.000000  11.011370  1.495592 1


0.991847  1.000000  9.360863  1.493885 1


0.999999  1.000000  9.299671  1.500000 1


0.999999  1.000000  9.219564  1.499999 1


0.996882  1.000000  6.455759  1.497662 1


0.981204  1.000000  8.084439  1.485903 1


0.993966  1.000000  7.883577  1.495475 1


0.964392  1.000000  8.537878  1.473294 1


0.964184  1.000000  7.020541  1.473138 1


0.983307  1.000000  8.825163  1.487481 1


0.974710  1.000000  5.294340  1.481032 1


0.994101  1.000000  4.209087  1.495575 1


0.977900  1.000000  1.995697  1.483425 1


0.980978  1.000000  7.339274  1.485733 1


0.984536  1.000000  10.155524  1.488402 1


0.966958  1.000000  9.134098  1.475219 1


0.966058  1.000000  5.569425  1.474543 1


1.000000  1.000000  5.767947  1.500000 1


0.982086  1.000000  2.692577  1.486564 1


1.000000  1.000000  3.054633  1.500000 1


0.991051  1.000000  1.337209  1.493288 1


0.983524  1.000000  1.260078  1.487643 1


1.000000  1.000000  1.522181  1.500000 1


0.977357  1.000000  2.114489  1.483018 1


0.988947  1.000000  2.547782  1.491710 1


