773 105
773 104
772 104
773 104
773 104
773 103
773 104
773 104
773 104
774 103
774 103
775 102
776 103
777 102
778 102
779 101
782 101
783 101
785 101
788 101
790 100
793 101
796 101
799 101
801 100
805 101
809 101
814 101
817 101
822 101
827 102
831 102
837 103
841 103
848 103
853 103
859 104
865 104
872 105
879 105
885 106
892 106
899 106
907 107
914 107
922 108
929 108
937 109
946 111
955 111
962 111
972 113
980 113
989 114
997 114
1007 115
1016 116
1024 117
1034 118
1042 118
1051 118
1060 119
1069 120
1077 121
1087 122
1096 123
1105 124
1113 126
1121 127
1131 127
1140 128
1149 130
1157 130
1165 131
1174 132
1183 133
1192 136
1199 136
1208 137
1217 139
1225 140
1233 141
1240 142
1250 143
1258 145
1266 146
1273 147
1282 148
1289 149
1297 151
1304 152
1312 153
1319 153
1326 155
1333 157
1340 158
1346 158
1352 159
1358 160
1364 161
1371 163
1376 164
1380 165
1386 166
1391 167
1396 168
1401 169
1406 170
1410 171
1414 172
1418 173
1422 172
1426 173
1429 173
1433 175
1436 174
1439 176
1443 175
1445 175
1448 176
1451 176
1454 176
1456 176
1459 177
1460 175
1462 175
1464 174
1466 175
1469 176
1469 175
1472 175
1473 175
1473 174
1474 174
1476 175
1477 173
1479 174
1479 174
1480 173
1480 174
1481 174
1481 172
1483 173
1482 173
1483 172
1483 172
1483 173
1483 173
1483 172
1483 172
1483 172
1483 172
1483 172
1482 172
1482 171
1483 172
1483 173
1482 173
1482 172
1481 174
1481 173
1480 174
1480 173
1480 174
1478 175
1477 174
1476 175
1475 175
1475 175
1473 174
1471 174
1469 174
1467 174
1465 173
1462 173
1460 173
1458 172
1454 171
1451 171
1447 170
1444 169
1439 168
1435 168
1432 167
1427 166
1422 165
1417 163
1412 163
1407 162
1402 161
1396 160
1390 159
1385 157
1378 156
1371 154
1366 154
1358 152
1351 151
1344 149
1336 147
1330 147
1322 145
1314 143
1307 141
1298 140
1289 139
1282 137
1272 135
1265 132
1256 132
1248 129
1239 127
1231 125
1222 123
1214 121
1207 119
1198 118
1190 116
1183 115
1175 114
1167 112
1160 110
1153 110
1146 107
1138 107
1132 107
1126 106
1119 106
1114 106
1107 107
1103 106
1097 108
1092 109
1088 110
1084 112
1080 113
1076 115
1072 117
1069 119
1066 123
1064 126
1061 128
1059 132
1058 138
1055 140
1055 144
1054 149
1053 155
1053 160
1051 165
1051 171
1051 177
1051 183
1050 190
1050 196
1049 203
1050 210
1051 217
1050 225
1051 231
1050 238
1051 245
1052 253
1052 261
1054 269
1051 275
1052 284
1053 291
1052 299
1053 306
1052 315
1052 322
1053 331
1053 337
1053 346
1053 354
1053 360
1053 370
1053 377
1054 386
1053 393
1053 401
1053 409
1051 418
1052 425
1052 435
1052 442
1051 450
1051 459
1051 467
1049 475
1049 483
1048 491
1049 499
1049 508
1048 515
1047 525
1046 533
1046 540
1045 549
1044 557
1043 565
1042 573
1042 582
1042 589
1041 598
1039 606
1039 614
1038 623
1038 631
1037 639
1035 645
1035 654
1034 663
1033 671
1032 678
1032 685
1030 694
1030 701
1029 709
1027 718
1026 725
1026 733
1025 742
1025 749
1024 757
1023 764
1022 772
1021 780
1021 786
1019 795
1019 804
1018 810
1017 818
1016 825
1016 833
1015 840
1015 848
1013 855
1013 863
1012 871
1010 878
1009 885
1010 893
1008 900
1008 908
1006 915
1006 923
1005 930
1004 936
1004 942
1003 950
1001 956
1000 961
1001 967
1000 973
1000 978
998 984
999 988
998 993
997 997
997 1000
997 1002
997 1006
996 1008
996 1012
995 1013
994 1014
995 1016
994 1018
995 1018
995 1018
994 1018
994 1018
994 1017
993 1015
993 1015
994 1013
993 1010
994 1007
995 1003
996 1001
996 998
996 994
997 989
998 984
998 980
998 975
999 970
1000 964
999 959
1000 954
1001 946
1002 940
1002 935
1004 927
1004 920
1004 914
1006 907
1006 900
1007 892
1008 884
1010 876
1010 868
1011 861
1012 852
1013 843
1014 835
1014 826
1017 818
1017 809
1019 800
1019 792
1021 782
1021 774
1022 764
1023 756
1024 746
1025 736
1025 728
1026 718
1028 710
1030 700
1030 692
1031 683
1032 674
1033 665
1034 655
1035 646
1037 637
1038 628
1038 620
1039 611
1041 602
1042 594
1043 584
1044 576
1045 568
1047 559
1047 550
1048 541
1049 533
1051 525
1052 515
1052 507
1052 499
1054 490
1054 483
1056 474
1057 467
1057 458
1058 450
1059 442
1060 435
1060 426
1062 419
1062 411
1063 404
1065 395
1065 388
1065 380
1066 372
1067 365
1068 357
1069 351
1069 343
1069 336
1070 328
1071 321
1072 314
1073 307
1073 300
1073 292
1074 286
1075 277
1075 271
1075 264
1077 257
1076 251
1078 243
1078 237
1078 229
1079 222
1080 217
1081 210
1080 203
1081 196
1081 190
1081 183
1083 177
1083 171
1084 165
1084 158
1084 153
1084 149
1084 144
1083 138
1083 133
1082 128
1081 123
1080 119
1078 116
1077 113
1075 109
1073 106
1070 104
1068 101
1066 97
1062 96
1060 93
1056 90
1053 89
1049 87
1046 85
1041 83
1037 82
1033 81
1028 79
1023 78
1018 77
1013 76
1007 76
1003 75
996 76
991 75
983 74
978 75
971 74
965 76
960 75
953 75
948 76
942 76
936 76
929 77
924 78
918 79
912 79
907 80
900 81
895 81
890 82
884 83
878 83
873 84
868 85
862 85
857 85
853 86
848 88
843 88
839 89
835 90
830 90
826 90
822 90
819 91
814 91
811 91
808 92
804 91
801 92
797 91
795 92
791 92
788 92
787 92
783 91
782 92
779 91
777 92
774 91
772 91
771 91
770 92
767 90
766 91
764 90
764 90
763 91
762 90
761 90
761 90
761 90
761 90
760 90
760 91
759 90
761 91
760 91
759 91
760 91
760 91
760 91
761 92
761 92
761 91
761 92
762 92
762 93
763 93
763 93
763 94
763 93
765 93
764 93
765 93
765 94
766 94
766 94
767 94
767 94
767 94
768 94
769 95
770 95
769 95
770 95
770 95
771 96
771 96
772 96
773 95
773 96
773 97
774 97
773 96
773 97
774 98
774 98
775 98
775 98
774 98
775 99
774 99
775 99
775 99
775 100
775 100
775 100
776 100
776 100
776 101
775 101
777 101
776 101
776 101
776 101
775 101
776 101
775 101
776 101
775 102
776 102
775 102
775 102
775 102
775 102
776 103
776 103
776 103
776 103
775 103
776 103
776 103
776 104
777 104
776 105
776 105
777 104
776 104
776 104
777 105
777 105
777 105
777 105
777 105
777 105
778 105
777 105
777 105
778 105
777 105
777 105
778 106
777 105
778 106
777 105
777 106
778 105
777 106
778 106
777 106
778 106
777 107
777 107
777 107
777 106
777 106
778 106
777 107
778 107
778 107
777 107
777 107
777 107
776 107
777 107
777 107
778 107
777 108
776 107
777 107
777 107
777 106
776 107
777 107
777 107
776 106
776 107
777 106
776 107
776 106
776 105
775 106
776 106
775 106
775 105
775 106
775 105
775 105
775 105
775 105
775 105
775 104
775 104
774 104
775 104
774 104
774 104
774 104
774 104
774 103
774 104
774 103
773 103
773 103
773 103
772 103
773 102
773 102
773 103
772 103
772 102
772 102
771 102
772 102
770 101
770 101
771 101
771 101
770 100
770 100
771 100
770 100
769 100
770 99
769 99
770 99
769 99
769 99
769 99
768 99
768 99
769 99
769 100
769 99
769 99
769 99
768 99
767 100
768 100
768 100
768 100
767 99
768 100
766 100
767 100
766 100
766 101
765 101
765 101
765 101
766 101
765 101
765 101
765 101
765 102
765 102
764 102
764 101
765 101
764 101
764 102
763 102
764 103
764 102
763 102
762 102
763 101
762 101
763 101
763 101
763 102
763 101
763 101
763 102
763 102
763 103
764 102
764 103
764 103
765 103
765 104
765 104
765 104
765 104
765 104
765 104
766 105
766 105
766 105
766 105
767 106
767 106
768 107
768 107
769 107
768 107
769 107
768 107
769 107
769 108
769 108
769 108
770 108
771 109
770 109
771 109
772 110
772 109
773 110
773 110
773 110
773 110
774 111
774 111
774 111
775 111
774 111
776 111
776 112
776 111
777 112
777 112
777 111
777 112
777 112
778 113
778 113
778 112
777 112
778 113
779 113
779 112
779 113
779 113
779 113
778 113
779 113
779 113
778 113
779 113
779 113
779 113
779 113
779 113
780 113
778 114
779 114
779 113
779 114
779 114
779 114
779 114
779 115
778 115
778 114
777 115
778 115
778 115
777 115
778 116
777 116
778 116
778 116
777 117
778 117
777 116
777 117
778 118
777 118
777 117
777 117
778 118
777 117
777 118
777 118
779 118
776 118
777 118
778 118
777 118
777 117
778 118
778 118
777 118
777 118
777 118
777 117
776 118
778 119
777 118
776 118
777 118
777 118
776 118
777 119
777 119
776 119
776 118
776 118
777 119
776 119
776 119
777 119
775 118
775 119
775 120
775 120
775 119
774 119
774 119
773 118
773 119
773 119
772 120
771 118
771 119
771 118
771 119
771 118
770 118
771 118
770 118
770 117
770 117
769 117
769 116
769 116
768 116
769 116
769 116
768 115
769 115
769 114
768 114
770 115
770 114
770 114
771 113
772 114
773 113
774 113
776 114
777 113
779 114
781 113
784 113
787 113
790 113
792 113
795 113
799 113
803 113
807 114
810 113
815 114
820 114
824 114
828 115
834 115
839 116
845 115
851 117
857 117
862 118
869 117
875 118
882 118
888 119
895 120
903 120
910 120
918 121
925 122
933 122
942 123
949 123
958 125
966 125
974 125
984 126
993 127
1001 127
1009 128
1019 129
1027 129
1036 130
1044 130
1053 131
1062 132
1071 134
1080 134
1089 135
1098 135
1106 136
1115 137
1123 138
1131 138
1140 140
1149 141
1159 142
1167 143
1175 143
1184 146
1192 146
1201 147
1208 148
1217 149
1226 150
1234 151
1242 153
1251 153
1259 154
1267 155
1275 157
1284 157
1292 158
1299 158
1307 159
1314 161
1323 161
1329 162
1336 164
1343 164
1350 164
1356 165
1363 166
1369 167
1375 167
1380 167
1385 169
1390 169
1395 169
1400 169
1404 170
1408 171
1413 171
1416 172
1419 173
1424 172
1427 172
1429 173
1433 173
1435 174
1438 173
1441 173
1442 174
1446 174
1447 175
1450 174
1450 174
1452 174
1455 175
1456 174
1457 175
1459 175
1460 175
1462 176
1462 175
1464 176
1465 175
1466 175
1466 176
1468 176
1468 176
1469 176
1470 177
1470 176
1470 177
1471 176
1471 177
1472 176
1471 177
1473 177
1473 177
1473 177
1472 177
1472 179
1473 179
1473 179
1473 178
1473 179
1472 180
1473 180
1472 180
1472 181
1472 180
1472 182
1471 182
1470 183
1471 183
1470 184
1471 184
1469 185
1468 185
1467 185
1467 185
1465 186
1464 186
1462 185
1462 186
1460 185
1458 185
1456 185
1454 185
1452 183
1448 184
1446 183
1443 182
1439 181
1436 181
1432 180
1428 179
1423 179
1419 178
1415 177
1410 175
1404 175
1399 173
1394 173
1387 171
1381 170
1375 169
1370 168
1362 166
1357 164
1349 163
1343 162
1336 159
1328 159
1320 156
1312 155
1304 153
1297 151
1289 149
1279 148
1271 145
1263 143
1255 142
1246 139
1237 138
1228 135
1219 134
1210 132
1203 130
1194 129
1187 126
1177 125
1171 123
1163 121
1155 120
1148 119
1141 118
1134 116
1128 116
1121 116
1116 116
1109 116
1104 117
1097 118
1094 118
1089 120
1085 122
1081 124
1076 125
1073 127
1070 130
1065 132
1062 135
1059 138
1058 141
1055 144
1053 148
1051 151
1049 155
1048 159
1047 164
1046 168
1045 173
1043 179
1044 184
1043 190
1042 196
1043 201
1043 208
1043 215
1043 220
1043 227
1043 234
1043 241
1044 248
1044 254
1045 262
1044 269
1045 276
1044 282
1044 291
1045 298
1044 306
1045 313
1045 320
1046 327
1045 334
1045 342
1045 350
1044 358
1045 366
1044 373
1044 381
1045 389
1045 396
1044 404
1044 412
1043 420
1044 429
1044 436
1043 444
1044 451
1043 459
1043 468
1041 475
1041 484
1041 492
1040 500
1039 508
1039 517
1038 525
1038 532
1036 540
1037 549
1037 557
1036 566
1035 573
1034 581
1033 590
1032 598
1032 606
1032 613
1031 621
1030 629
1030 638
1028 645
1028 654
1026 662
1025 671
1025 678
1024 687
1024 694
1022 702
1021 711
1020 719
1019 727
1018 735
1017 743
1016 750
1015 757
1014 766
1013 774
1012 782
1011 789
1010 797
1009 805
1009 813
1008 820
1007 827
1006 836
1004 843
1004 851
1003 860
1001 866
1001 873
1000 881
999 889
997 896
996 903
995 911
994 918
994 926
993 933
991 939
991 945
990 951
990 957
989 964
988 969
987 975
987 979
987 983
985 988
985 991
985 994
984 998
984 1001
983 1003
983 1005
982 1008
982 1009
983 1010
981 1011
982 1012
981 1011
981 1011
981 1010
981 1009
981 1008
981 1006
981 1004
981 1002
981 999
981 997
981 993
981 990
982 986
982 982
983 978
982 973
983 969
984 963
984 959
985 953
985 947
984 941
985 936
986 929
987 923
987 916
988 910
988 903
990 895
990 889
991 881
992 873
991 866
993 859
994 850
994 842
995 834
996 826
996 817
998 809
999 800
1000 791
1001 783
1002 774
1003 765
1003 757
1004 748
1006 739
1007 731
1008 721
1008 714
1011 705
1012 695
1012 687
1013 678
1015 669
1016 661
1016 651
1017 642
1018 634
1021 624
1022 618
1023 609
1023 600
1025 591
1027 583
1028 574
1029 566
1028 557
1031 549
1031 541
1033 533
1034 525
1035 516
1036 509
1038 500
1039 493
1039 484
1041 477
1041 469
1043 461
1044 453
1045 446
1045 439
1047 430
1048 424
1047 416
1049 409
1050 401
1050 395
1052 386
1053 380
1053 372
1055 364
1056 358
1056 349
1057 343
1058 337
1060 328
1060 322
1060 315
1062 307
1062 301
1063 294
1064 287
1065 281
1065 273
1066 265
1067 260
1069 251
1069 246
1069 238
1070 232
1070 225
1073 219
1072 212
1073 206
1074 199
1074 194
1074 187
1076 182
1076 176
1076 170
1078 164
1077 160
1075 156
1075 150
1076 145
1075 141
1075 136
1073 132
1071 128
1070 125
1068 121
1066 118
1064 114
1061 112
1060 108
1055 107
1052 104
1049 102
1046 100
1042 98
1037 97
1034 95
1029 94
1025 93
1020 92
1015 91
1009 91
1005 91
999 91
992 91
987 92
982 92
975 93
971 94
964 94
959 96
954 97
948 97
942 98
937 100
932 101
927 103
920 103
914 105
909 106
903 108
898 109
892 110
887 110
881 110
876 111
871 112
865 113
861 114
856 114
852 114
847 115
843 116
838 117
834 117
830 118
826 117
823 117
818 118
815 120
813 120
809 120
806 120
803 120
800 120
796 120
794 120
792 120
789 121
788 120
785 120
782 120
781 120
779 120
777 120
776 119
774 119
774 119
773 119
772 120
771 119
770 119
769 119
768 118
767 117
767 117
767 117
767 116
766 116
766 115
766 115
767 116
767 115
767 116
767 116
768 116
768 116
769 116
768 116
769 116
769 116
769 116
770 116
771 116
770 117
771 118
773 118
772 118
773 118
773 118
773 118
773 119
774 118
775 119
774 119
775 119
776 120
775 119
776 120
777 121
777 121
777 120
777 121
777 122
779 122
778 122
778 122
777 121
778 122
778 122
778 122
779 122
779 121
779 121
779 121
779 122
779 123
779 121
779 121
778 122
778 122
779 121
778 121
779 121
778 120
778 120
777 120
778 120
777 120
777 118
775 118
776 118
776 118
775 117
775 118
775 117
775 117
774 117
775 117
773 116
773 115
772 116
772 116
772 116
772 115
771 115
771 115
770 115
772 115
770 114
770 114
771 114
771 114
770 113
770 113
768 112
769 113
770 112
770 112
769 112
768 112
769 112
769 111
769 111
769 110
769 111
769 110
770 110
769 109
770 109
770 109
770 109
770 108
770 107
770 107
769 106
770 106
769 105
770 105
770 105
771 104
770 104
770 103
770 102
770 102
770 102
770 101
769 101
770 100
771 100
769 99
770 98
770 98
769 98
770 98
769 97
769 97
769 96
768 95
768 94
767 93
767 94
767 93
767 93
766 92
766 91
766 91
765 91
764 91
764 91
764 90
764 90
763 90
763 91
762 90
762 90
762 90
761 90
762 90
761 90
761 91
760 91
759 91
759 91
759 91
759 91
758 91
758 92
757 91
757 92
757 92
756 92
756 92
756 92
755 93
754 92
755 93
754 93
754 93
754 94
754 93
754 94
754 94
754 94
754 94
753 94
754 95
755 95
754 95
754 95
754 95
754 95
755 95
754 95
755 95
755 95
755 96
755 95
754 95
755 96
756 96
755 96
755 96
755 96
755 96
756 97
756 97
756 96
755 97
755 97
756 97
757 97
758 97
757 97
758 98
758 98
758 98
758 98
758 99
758 98
759 98
759 98
760 100
759 100
760 98
761 101
762 100
761 100
762 101
763 100
763 102
763 101
765 103
764 103
764 103
765 103
766 104
766 105
767 104
767 105
768 105
768 107
767 106
768 105
768 106
769 106
770 107
769 107
770 107
770 107
770 107
770 108
771 107
770 108
770 107
770 108
770 108
770 108
770 108
770 108
771 109
770 108
770 108
771 109
771 109
771 109
770 109
771 109
771 109
771 110
770 109
769 108
770 109
770 109
770 109
770 110
769 110
768 110
769 110
769 111
769 110
769 111
768 111
768 112
768 111
768 111
767 111
768 112
767 112
767 112
768 113
767 112
767 112
766 112
767 113
767 112
767 112
766 113
767 113
767 113
767 113
767 113
767 113
766 113
767 114
767 112
766 113
766 113
767 113
767 113
767 113
767 113
767 113
767 113
767 113
767 113
767 113
766 113
767 113
767 112
767 113
766 113
767 113
765 112
766 113
766 112
766 113
766 113
766 112
767 113
765 113
766 113
765 112
766 113
766 112
767 113
766 112
766 112
767 113
766 112
766 112
766 113
766 113
766 112
767 112
767 112
766 112
766 112
766 112
766 111
766 112
766 111
765 111
766 112
766 111
765 111
766 112
766 111
765 111
766 110
765 110
765 110
765 110
765 109
765 109
765 110
765 109
765 108
764 107
764 108
765 108
765 108
765 108
764 107
765 107
764 106
764 106
764 107
765 106
765 105
764 106
764 106
765 106
764 105
764 104
765 106
763 104
764 103
763 104
764 104
764 102
764 104
763 104
763 102
764 102
765 102
763 102
764 101
764 100
764 102
764 101
763 101
764 102
763 100
764 100
763 99
763 99
763 98
763 98
763 98
762 97
763 96
763 96
762 96
763 95
763 95
764 95
764 94
765 95
765 94
765 93
767 93
768 93
769 92
770 92
771 92
772 93
775 92
776 92
779 92
782 92
784 92
786 91
789 91
793 92
796 91
799 92
804 92
807 92
811 92
816 93
820 93
824 93
829 93
834 94
839 94
845 94
851 94
857 95
862 96
869 96
876 96
882 97
889 97
897 98
905 99
912 99
920 99
928 100
936 102
945 102
952 102
960 104
968 104
978 105
987 106
995 107
1004 107
1013 109
1022 109
1030 111
1040 112
1048 113
1057 115
1066 114
1075 117
1084 118
1093 119
1102 120
1110 121
1119 122
1128 123
1138 125
1147 126
1155 129
1163 128
1172 131
1181 133
1189 134
1198 134
1206 136
1215 139
1223 139
1231 140
1241 143
1248 143
1257 145
1264 147
1273 148
1281 149
1288 151
1297 152
1303 153
1311 155
1318 155
1326 157
1333 158
1339 159
1344 160
1351 162
1358 162
1364 163
1368 164
1375 164
1379 165
1383 167
1388 168
1392 168
1397 169
1401 170
1404 170
1408 171
1411 172
1413 173
1417 173
1419 174
1423 175
1425 175
1426 177
1429 176
1430 177
1432 177
1435 178
1436 178
1437 178
1438 178
1441 179
1442 179
1442 179
1444 180
1445 180
1447 181
1448 181
1448 180
1449 181
1449 181
1451 182
1451 182
1452 182
1452 183
1453 182
1453 183
1454 182
1454 184
1454 183
1454 184
1454 184
1455 184
1454 185
1454 185
1455 185
1454 185
1454 186
1454 186
1454 186
1455 187
1455 188
1453 187
1453 189
1453 189
1453 190
1452 190
1452 191
1452 191
1451 192
1450 192
1449 193
1450 193
1449 193
1446 193
1445 191
1443 192
1442 193
1440 192
1438 192
1435 192
1432 192
1430 192
1427 191
1424 189
1421 189
1416 188
1413 189
1409 187
1406 186
1400 186
1397 184
1391 183
1387 181
1383 181
1377 180
1373 178
1367 177
1361 176
1355 174
1349 173
1343 170
1337 169
1329 168
1323 166
1317 164
1310 162
1302 160
1295 158
1287 156
1281 154
1272 151
1264 149
1256 147
1247 145
1241 142
1232 141
1222 140
1214 136
1207 135
1199 133
1189 130
1182 128
1173 126
1167 125
1159 125
1152 121
1146 120
1138 119
1132 118
1126 116
1119 117
1113 116
1107 118
1102 117
1096 118
1091 120
1087 119
1082 122
1078 123
1073 125
1069 126
1066 129
1063 131
1059 134
1056 136
1054 140
1051 144
1050 146
1047 150
1047 153
1044 158
1043 162
1042 167
1041 171
1040 177
1040 182
1040 188
1039 194
1039 200
1039 206
1039 212
1039 219
1039 226
1039 232
1040 240
1039 246
1039 253
1041 259
1039 267
1040 274
1040 281
1041 288
1040 296
1040 303
1040 310
1040 318
1040 325
1040 333
1040 341
1039 348
1039 356
1040 363
1040 373
1038 379
1039 386
1039 395
1038 403
1038 410
1037 418
1036 426
1036 434
1036 443
1035 450
1034 458
1034 467
1034 475
1033 482
1031 492
1031 500
1031 507
1031 515
1030 524
1028 532
1028 541
1027 549
1027 557
1027 564
1024 573
1024 582
1023 589
1023 597
1022 606
1021 615
1019 621
1019 630
1018 638
1018 647
1016 654
1016 662
1015 669
1014 677
1014 685
1013 694
1011 701
1011 710
1010 718
1009 726
1008 732
1007 741
1005 748
1005 757
1004 763
1005 771
1003 779
1002 787
1001 794
1001 801
999 809
998 817
999 825
997 832
996 839
995 847
995 854
993 861
993 869
992 877
990 884
989 892
988 899
988 907
986 913
985 922
985 927
984 933
983 940
983 946
981 952
980 958
980 962
979 968
978 973
978 978
978 980
977 984
976 988
976 992
975 995
976 996
975 999
974 1000
974 1001
974 1003
974 1004
974 1003
973 1003
974 1002
973 1001
973 1002
973 999
973 998
974 995
973 992
974 990
974 988
974 984
974 980
974 976
975 972
975 968
976 963
976 958
976 953
977 948
977 943
978 937
978 931
979 924
979 919
980 912
981 906
981 899
982 892
983 885
983 877
985 871
985 862
986 856
987 847
988 839
988 831
989 823
990 814
992 805
993 798
993 789
994 781
994 772
996 763
997 756
998 747
999 738
1000 730
1002 721
1002 713
1002 704
1005 696
1005 687
1007 678
1007 669
1009 661
1010 653
1011 645
1013 636
1013 627
1015 618
1016 610
1017 602
1018 593
1020 584
1020 577
1021 567
1022 559
1023 551
1024 543
1027 535
1027 527
1027 517
1027 510
1029 501
1030 494
1032 485
1032 478
1034 470
1033 461
1035 453
1035 446
1037 438
1038 430
1037 422
1040 414
1039 407
1041 399
1042 392
1042 383
1043 375
1043 368
1045 361
1046 354
1045 346
1047 337
1048 331
1048 324
1050 316
1050 308
1051 302
1052 295
1053 287
1053 280
1054 272
1055 266
1055 259
1056 251
1057 244
1058 238
1058 231
1060 224
1060 217
1060 210
1062 203
1062 196
1063 189
1063 183
1063 177
1064 170
1064 164
1065 158
1066 153
1066 147
1066 142
1066 137
1066 132
1065 127
1065 123
1063 120
1063 115
1060 111
1059 109
1059 105
1056 104
1054 100
1051 98
1048 95
1046 93
1043 91
1039 89
1037 87
1032 86
1029 85
1025 85
1022 83
1017 83
1012 82
1007 83
1002 82
996 82
992 82
986 83
982 82
975 83
968 84
962 84
957 86
952 87
945 88
939 88
934 89
928 90
923 91
917 91
911 92
906 93
900 94
894 95
889 96
884 97
879 98
874 98
868 98
862 99
858 99
853 100
847 100
843 101
839 102
833 102
830 103
825 103
821 102
816 103
813 103
809 103
806 103
802 103
799 103
795 103
793 103
788 102
787 103
783 102
781 103
778 102
775 102
774 101
772 102
769 100
767 100
766 101
764 100
762 100
761 100
760 99
759 99
758 99
758 99
757 99
757 99
756 99
756 99
756 99
756 99
755 99
756 99
756 99
756 99
756 100
757 99
756 99
756 100
757 101
756 100
758 101
758 100
758 101
759 101
760 101
759 102
760 103
759 102
761 102
761 102
762 102
761 103
761 103
763 103
763 103
762 102
763 103
763 102
763 102
763 103
764 103
763 103
765 104
765 103
764 103
765 103
765 103
764 104
764 103
766 104
766 104
765 104
766 104
765 105
765 105
765 105
765 105
766 105
766 105
765 106
765 105
765 105
765 106
764 105
764 105
764 105
764 106
764 105
763 105
763 106
763 106
763 105
763 106
762 105
763 105
762 105
762 105
763 105
761 105
761 104
761 105
761 104
761 104
761 105
761 104
761 104
761 104
760 104
760 105
760 105
760 104
761 104
760 104
760 103
761 104
760 104
760 104
760 104
760 104
760 103
760 103
760 103
760 103
760 103
760 102
760 102
761 103
760 103
760 102
760 102
760 102
760 102
760 102
760 102
760 103
760 102
761 102
760 102
760 101
760 102
760 102
760 101
760 102
760 102
759 101
760 100
760 101
760 101
760 101
759 100
759 101
760 100
759 100
759 100
759 100
759 100
758 99
759 100
759 100
